FID	IID	C1	C2	C3	C4	C5	C6	C7	C8	C9	C10	C11	C12	C13	C14	C15	C16	C17	C18	C19	C20
GTEX-N7MS-0009-SM-2BWY4	GTEX-N7MS-0009-SM-2BWY4	-0.0217	0.0100	0.0378	0.0100	-0.0232	-0.0050	-0.0093	-0.0000	0.0152	0.0047	0.0158	0.0004	0.0365	0.0186	0.0002	0.0258	0.0190	0.0110	0.0321	0.0412
GTEX-N7MT-0009-SM-2BWYA	GTEX-N7MT-0009-SM-2BWYA	-0.0225	0.0050	0.0533	0.0209	-0.0242	-0.0371	0.0571	0.0090	0.0077	0.0046	0.0104	0.0280	-0.0274	0.0281	-0.0155	0.0065	-0.0302	-0.0538	0.0394	-0.0068
GTEX-NFK9-0004-SM-2BWYG	GTEX-NFK9-0004-SM-2BWYG	0.0973	-0.0054	0.0180	-0.0386	0.0917	-0.1375	-0.2177	-0.0087	0.0641	-0.1577	0.0697	-0.0761	-0.1418	-0.0138	0.1204	-0.0775	-0.0821	0.1015	-0.1192	0.1263
GTEX-NL3H-0009-SM-2BWYN	GTEX-NL3H-0009-SM-2BWYN	0.0756	-0.0353	0.0001	-0.0006	-0.1198	0.3315	-0.0918	-0.2293	-0.1103	0.1978	-0.3188	0.1694	0.0371	0.0433	0.1072	-0.0414	-0.0362	0.0624	0.0462	-0.0729
GTEX-NL4W-0009-SM-2BWZB	GTEX-NL4W-0009-SM-2BWZB	-0.0211	0.0099	0.0438	-0.0486	-0.0075	0.0044	-0.0047	-0.0105	0.0373	0.0255	-0.0055	-0.0031	0.0154	0.0113	-0.0342	0.0283	-0.0139	-0.0035	-0.0199	0.0091
GTEX-NPJ7-0009-SM-2BWYS	GTEX-NPJ7-0009-SM-2BWYS	-0.0200	-0.0194	0.0571	0.0554	0.0142	0.0164	0.0535	0.0013	-0.0140	0.0164	-0.0023	-0.0230	0.0155	0.0409	0.0228	-0.0165	-0.0397	-0.0573	0.0449	-0.0017
GTEX-NPJ8-0004-SM-2BWYM	GTEX-NPJ8-0004-SM-2BWYM	-0.0219	0.0045	0.0015	-0.0123	0.0096	0.0338	-0.0445	0.0167	0.0114	-0.0080	0.0331	0.0118	-0.0477	-0.0154	0.0335	-0.0157	-0.0041	0.0422	-0.0026	0.0018
GTEX-O5YT-0010-SM-325AG	GTEX-O5YT-0010-SM-325AG	-0.0208	0.0069	0.0167	-0.0438	-0.0583	-0.0390	0.0170	-0.0137	0.0274	-0.0007	-0.0251	-0.0282	-0.0031	0.0465	-0.0013	0.0487	0.0280	0.0029	-0.0015	0.0218
GTEX-O5YV-0004-SM-2BWZ5	GTEX-O5YV-0004-SM-2BWZ5	-0.0210	0.0081	-0.0177	0.0057	-0.0180	0.0007	-0.0016	-0.0135	-0.0407	0.0001	0.0077	-0.0001	0.0195	0.0028	0.0178	0.0136	-0.0593	-0.0320	-0.0061	0.0392
GTEX-O5YW-0003-SM-2H2WT	GTEX-O5YW-0003-SM-2H2WT	-0.0113	-0.0256	-0.2239	0.0389	-0.0082	-0.0042	-0.0463	-0.0599	-0.0657	0.0254	0.0357	-0.0429	0.0343	0.0055	0.0570	-0.0624	-0.0295	0.0524	-0.0575	-0.0215
GTEX-OHPK-0003-SM-2H2WX	GTEX-OHPK-0003-SM-2H2WX	0.1208	0.0078	-0.0039	-0.0427	0.1033	-0.1317	-0.0933	-0.0538	0.0121	-0.0692	0.1840	0.0435	0.0487	0.1830	0.1014	0.1153	-0.0138	0.0170	-0.0641	-0.0215
GTEX-OHPL-0003-SM-2BWY5	GTEX-OHPL-0003-SM-2BWY5	-0.0233	0.0055	0.0358	-0.0265	0.0053	0.0005	-0.0148	0.0017	-0.0128	-0.0283	0.0148	-0.0048	-0.0001	-0.0167	0.0071	-0.0008	0.0273	0.0210	-0.0202	0.0060
GTEX-OHPM-0003-SM-2BWYB	GTEX-OHPM-0003-SM-2BWYB	-0.0212	0.0044	-0.0169	-0.0258	-0.0334	-0.0518	0.0090	0.0276	0.0104	0.0182	0.0350	-0.0196	-0.0042	0.0735	-0.0054	-0.0217	-0.0428	0.0025	-0.0237	0.0407
GTEX-OHPN-0004-SM-2BWYH	GTEX-OHPN-0004-SM-2BWYH	-0.0166	0.0056	-0.0607	-0.0122	0.0372	-0.0234	-0.0025	0.0416	-0.0122	-0.0254	0.0118	0.0119	-0.0033	0.0257	-0.0030	0.0226	0.0674	0.0458	-0.0004	-0.0285
GTEX-OIZF-0004-SM-2BWYY	GTEX-OIZF-0004-SM-2BWYY	-0.0218	0.0110	0.0248	-0.0201	-0.0071	-0.0157	0.0378	-0.0006	-0.0289	-0.0086	-0.0491	0.0079	0.0025	-0.0268	0.0197	-0.0124	-0.0458	0.0172	0.0012	-0.0034
GTEX-OIZG-0003-SM-2BWYZ	GTEX-OIZG-0003-SM-2BWYZ	-0.0205	0.0037	-0.0122	-0.0002	0.0239	0.0051	-0.0267	0.0234	0.0470	0.0492	0.0009	0.0097	-0.0572	0.0183	0.0214	-0.0056	0.0133	0.0239	-0.0342	0.0483
GTEX-OIZH-0003-SM-2BWZ6	GTEX-OIZH-0003-SM-2BWZ6	-0.0123	-0.0178	-0.1342	0.0134	-0.0367	0.0018	-0.0207	-0.0348	-0.0565	0.0150	-0.0349	-0.0637	-0.0087	-0.0009	-0.0172	-0.0333	-0.0272	-0.0262	-0.0065	-0.0048
GTEX-OIZI-1026-SM-2VCU2	GTEX-OIZI-1026-SM-2VCU2	-0.0217	-0.0005	0.0150	0.0737	0.0777	-0.0035	0.0214	0.0060	0.0148	-0.0031	0.0231	0.0130	-0.0016	0.0104	0.0102	-0.0224	0.0076	-0.0116	-0.0178	-0.0138
GTEX-OOBJ-0003-SM-2BWZC	GTEX-OOBJ-0003-SM-2BWZC	0.1290	0.0191	0.0122	0.0026	-0.1570	0.0599	0.0618	0.0523	-0.2136	-0.1098	0.0315	0.0721	0.0179	0.0106	-0.1094	-0.1470	0.1888	-0.0681	0.0939	0.0308
GTEX-OOBK-0004-SM-2BWYT	GTEX-OOBK-0004-SM-2BWYT	-0.0217	0.0106	0.0396	-0.0258	-0.0420	0.0146	0.0299	0.0033	-0.0136	0.0232	0.0242	-0.0263	-0.0292	-0.0063	0.0010	-0.0487	-0.0367	-0.0141	-0.0124	-0.0099
GTEX-OXRK-0004-SM-2H2WZ	GTEX-OXRK-0004-SM-2H2WZ	-0.0214	0.0048	0.0019	-0.0128	-0.0142	0.0177	-0.0513	-0.0003	-0.0087	0.0059	-0.0193	0.0003	-0.0198	-0.0048	0.0182	0.0111	-0.0105	0.0062	-0.0097	-0.0037
GTEX-OXRL-0003-SM-2H2X2	GTEX-OXRL-0003-SM-2H2X2	-0.0229	0.0046	0.0273	-0.0312	-0.0288	-0.0381	0.0226	-0.0193	0.0302	-0.0306	0.0085	0.0309	0.0268	-0.0105	-0.0413	-0.0079	-0.0161	-0.0085	-0.0318	0.0647
GTEX-OXRN-0003-SM-2H2X4	GTEX-OXRN-0003-SM-2H2X4	-0.0220	-0.0004	0.0312	0.0391	-0.0051	0.0078	0.0111	0.0082	-0.0049	0.0116	-0.0214	-0.0354	0.0099	0.0103	0.0205	-0.0176	0.0170	-0.0301	-0.0347	-0.0021
GTEX-OXRO-0003-SM-2H2X6	GTEX-OXRO-0003-SM-2H2X6	-0.0165	0.0051	-0.0917	-0.0169	-0.0123	-0.0409	0.0033	-0.0057	-0.0501	0.0160	0.0189	0.0021	0.0224	-0.0181	-0.0066	-0.0228	0.0251	0.0157	-0.0185	-0.0391
GTEX-OXRP-0003-SM-2H2X8	GTEX-OXRP-0003-SM-2H2X8	-0.0136	-0.0036	-0.1272	0.0060	-0.0296	-0.0208	-0.0362	-0.0003	0.0279	-0.0182	-0.0570	0.0786	0.0614	-0.0001	0.0037	0.0327	0.0395	-0.0503	-0.0001	-0.0276
GTEX-P4PP-0004-SM-2H2WW	GTEX-P4PP-0004-SM-2H2WW	-0.0195	0.0050	-0.0127	-0.0005	-0.0016	-0.0097	-0.0244	-0.0148	0.0161	0.0285	-0.0255	0.0325	0.0041	-0.0226	-0.0105	0.0513	-0.0011	-0.0049	-0.0147	0.0244
GTEX-P4PQ-0003-SM-2H2WY	GTEX-P4PQ-0003-SM-2H2WY	-0.0203	0.0071	0.0094	-0.0312	-0.0350	-0.0289	-0.0170	-0.0033	-0.0243	0.0472	-0.0464	-0.0036	0.0036	-0.0227	0.0547	-0.0340	-0.0053	0.0064	-0.0065	-0.0255
GTEX-P4QR-0004-SM-2H2X5	GTEX-P4QR-0004-SM-2H2X5	-0.0160	-0.0575	0.0134	-0.0701	0.1177	0.0569	-0.0275	-0.0228	-0.0134	-0.0342	0.0513	0.0154	0.0275	0.0177	-0.0306	0.0028	-0.0152	0.0372	-0.0135	0.0437
GTEX-P4QS-0003-SM-2H2X1	GTEX-P4QS-0003-SM-2H2X1	0.1074	-0.0029	0.0360	-0.0290	0.0504	0.1180	0.0310	-0.0576	0.0414	-0.1975	0.1839	-0.1172	-0.1931	0.0015	-0.1047	0.0004	-0.0051	0.0161	-0.0393	-0.2132
GTEX-P4QT-0003-SM-2H2X3	GTEX-P4QT-0003-SM-2H2X3	-0.0150	-0.0083	-0.1511	0.1460	0.0429	-0.0001	-0.0387	-0.0394	0.0008	0.0031	-0.0289	-0.0106	0.0169	0.0174	0.0628	-0.0327	0.0175	0.0195	-0.0790	0.0007
GTEX-P44G-0926-SM-325AM	GTEX-P44G-0926-SM-325AM	-0.0134	-0.0206	-0.1874	0.0394	0.0149	-0.0110	0.0061	-0.0561	-0.0178	0.0148	-0.0114	-0.0301	0.0394	-0.0141	0.0716	-0.0736	-0.0513	-0.0187	-0.0765	-0.0635
GTEX-P44H-1126-SM-2VCU3	GTEX-P44H-1126-SM-2VCU3	-0.0216	0.0185	0.0254	-0.0253	0.0025	-0.0622	-0.0212	-0.0175	-0.0285	-0.0310	0.0270	-0.0024	0.0343	-0.0303	-0.0213	0.0119	-0.0032	-0.0078	-0.0271	-0.0173
GTEX-P78B-0004-SM-2MRIA	GTEX-P78B-0004-SM-2MRIA	-0.0216	-0.0040	0.0222	0.0433	0.0335	0.0501	0.0269	-0.0458	-0.0218	0.0135	0.0156	0.0030	0.0147	-0.0030	0.0288	-0.0187	-0.0015	0.0305	-0.0211	0.0006
GTEX-PLZ4-0003-SM-2IJGB	GTEX-PLZ4-0003-SM-2IJGB	-0.0167	0.0037	-0.0900	-0.0291	0.0025	-0.0205	0.0446	0.0244	0.0395	0.0530	0.0164	0.0094	-0.0468	0.0292	-0.0287	-0.0030	-0.0167	0.0192	-0.0387	0.0642
GTEX-PLZ5-0003-SM-2H2X9	GTEX-PLZ5-0003-SM-2H2X9	-0.0219	0.0121	0.0317	-0.0175	-0.0099	0.0350	-0.0044	0.0036	-0.0074	-0.0328	-0.0053	-0.0628	0.0652	-0.0180	-0.0023	-0.0346	-0.0084	0.0088	-0.0031	0.0406
GTEX-PLZ6-0003-SM-2IJGD	GTEX-PLZ6-0003-SM-2IJGD	-0.0215	0.0059	0.0017	-0.0254	0.0174	0.0061	-0.0441	-0.0116	0.0478	0.0106	0.0286	-0.0014	0.0163	0.0381	0.0124	0.0387	-0.0544	-0.0081	-0.0013	0.0365
GTEX-POMQ-0003-SM-2H2X7	GTEX-POMQ-0003-SM-2H2X7	0.0802	0.0051	0.0174	-0.0083	0.0442	-0.0618	-0.0032	-0.0922	-0.2147	-0.0064	0.0190	0.1881	-0.0324	-0.1954	-0.0139	-0.0465	-0.0727	-0.0744	-0.0691	-0.1799
GTEX-POYW-1226-SM-325A1	GTEX-POYW-1226-SM-325A1	-0.0208	0.0119	0.0108	0.0054	-0.0251	-0.0179	-0.0186	-0.0127	0.0036	0.0287	-0.0188	0.0236	-0.0006	-0.0146	-0.0336	0.0180	0.0747	0.0300	0.0290	-0.0035
GTEX-PSDG-0004-SM-2IJGH	GTEX-PSDG-0004-SM-2IJGH	-0.0232	0.0086	0.0090	-0.0225	-0.0065	-0.0169	0.0272	-0.0078	-0.0113	0.0541	0.0097	-0.0078	-0.0273	0.0118	-0.0212	0.0168	-0.0639	0.0769	0.0379	-0.0233
GTEX-PVOW-1026-SM-325A8	GTEX-PVOW-1026-SM-325A8	-0.0201	0.0097	0.0085	-0.0014	-0.0306	-0.0684	-0.0209	0.0326	0.0175	0.0169	-0.0394	0.0279	0.0076	0.0357	-0.0024	0.0362	-0.0045	0.0014	-0.0162	0.0196
GTEX-PW2O-0004-SM-2IJGJ	GTEX-PW2O-0004-SM-2IJGJ	-0.0158	0.0074	0.0164	-0.0378	-0.0102	0.0211	-0.0309	-0.0249	-0.0196	0.0151	0.0168	-0.0104	-0.0247	-0.0302	0.0587	-0.0666	-0.0375	0.0014	-0.0391	0.0046
GTEX-PWCY-0001-SM-2IJGL	GTEX-PWCY-0001-SM-2IJGL	-0.0219	0.0101	0.0094	-0.0431	-0.0093	0.0252	-0.0167	-0.0085	-0.0538	0.0106	-0.0315	-0.0010	0.0044	0.0157	0.0354	0.0362	-0.0056	0.0066	0.0144	-0.0030
GTEX-PWN1-0004-SM-2IJGN	GTEX-PWN1-0004-SM-2IJGN	-0.0211	-0.0003	0.0219	-0.0071	0.0021	-0.0066	0.0096	-0.0212	-0.0070	-0.0380	-0.0225	-0.0133	0.0235	0.0392	0.0369	-0.0156	-0.0257	0.0340	0.0246	0.0017
GTEX-PWO3-0004-SM-2IJGP	GTEX-PWO3-0004-SM-2IJGP	-0.0207	0.0031	0.0228	0.0432	0.0382	-0.0112	-0.0158	-0.0289	-0.0275	0.0460	-0.0112	0.0105	-0.0069	-0.0444	-0.0246	-0.0128	-0.0059	-0.0539	0.0041	-0.0116
GTEX-PWOO-0004-SM-2IJGC	GTEX-PWOO-0004-SM-2IJGC	-0.0202	0.0089	0.0025	-0.0439	-0.0302	-0.0027	0.0164	0.0151	-0.0428	0.0555	-0.0157	-0.0164	-0.0018	-0.0051	0.0326	-0.0233	-0.0193	-0.0156	-0.0007	0.0375
GTEX-PX3G-0004-SM-2IJGE	GTEX-PX3G-0004-SM-2IJGE	-0.0206	0.0024	0.0040	-0.0177	-0.0204	-0.0169	0.0098	-0.0167	-0.0434	0.0125	-0.0159	0.0205	-0.0327	-0.0045	0.0433	-0.0349	0.0289	0.0630	-0.0509	0.0284
GTEX-Q2AG-0003-SM-2IJGG	GTEX-Q2AG-0003-SM-2IJGG	-0.0222	0.0149	0.0294	-0.0376	-0.0286	-0.0126	-0.0079	0.0298	-0.0091	-0.0134	-0.0077	-0.0184	0.0202	0.0045	-0.0220	0.0070	0.0282	-0.0046	0.0233	-0.0089
GTEX-Q2AH-0004-SM-2IJGI	GTEX-Q2AH-0004-SM-2IJGI	0.0910	0.0198	0.0282	0.0761	-0.1020	-0.0207	0.0233	-0.1009	-0.0040	0.2205	-0.0349	-0.0449	-0.0931	-0.1424	-0.0913	-0.0112	0.0170	-0.1896	0.1483	0.1805
GTEX-Q2AI-0003-SM-2IJGK	GTEX-Q2AI-0003-SM-2IJGK	-0.0202	0.0115	-0.0366	-0.0021	0.0367	0.0201	0.0051	0.0077	-0.0141	-0.0168	-0.0023	0.0233	0.0149	0.0195	-0.0129	0.0156	0.0429	-0.0715	0.0101	0.0091
GTEX-Q734-0001-SM-2IJGM	GTEX-Q734-0001-SM-2IJGM	-0.0220	0.0175	0.0368	-0.0310	-0.0245	0.0009	0.0296	-0.0041	-0.0266	-0.0136	0.0357	0.0319	0.0338	-0.0454	-0.0165	0.0259	-0.0617	0.0320	-0.0169	-0.0202
GTEX-QCQG-0003-SM-2IJGO	GTEX-QCQG-0003-SM-2IJGO	-0.0159	-0.0007	-0.0943	-0.0312	-0.0294	0.0003	0.0049	0.0499	0.0173	-0.0067	-0.0266	0.0080	0.0251	0.0044	0.0220	0.0131	0.0662	-0.0222	0.0861	-0.0238
GTEX-QDT8-0926-SM-325A6	GTEX-QDT8-0926-SM-325A6	-0.0196	0.0021	-0.0230	0.0623	-0.0078	0.0182	-0.0241	0.0456	-0.0226	-0.0548	-0.0563	-0.0075	0.0065	0.0106	-0.0610	0.0586	0.0036	0.0182	0.0307	-0.0311
GTEX-QDVJ-0003-SM-2MRI3	GTEX-QDVJ-0003-SM-2MRI3	-0.0240	0.0011	0.0569	0.0678	0.0409	0.0180	0.0301	-0.0131	0.0010	-0.0141	-0.0161	-0.0143	0.0189	-0.0173	0.0247	-0.0130	-0.0098	0.0218	0.0150	0.0014
GTEX-QDVN-0003-SM-2IJGQ	GTEX-QDVN-0003-SM-2IJGQ	-0.0207	0.0012	0.0313	-0.0022	0.0056	-0.0259	-0.0037	-0.0024	0.0263	-0.0226	0.0492	0.0070	-0.0546	0.0155	0.0100	-0.0097	-0.0266	-0.0316	-0.0416	-0.0190
GTEX-QEG4-0003-SM-2MRI5	GTEX-QEG4-0003-SM-2MRI5	-0.0226	0.0030	0.0292	0.0221	-0.0003	0.0161	0.0151	-0.0121	0.0156	0.0086	-0.0326	-0.0267	0.0026	0.0140	0.0036	-0.0122	0.0250	0.0476	-0.0262	0.0540
GTEX-QEG5-0003-SM-2MRI7	GTEX-QEG5-0003-SM-2MRI7	-0.0215	0.0036	-0.0037	0.0118	0.0047	0.0011	-0.0094	0.0153	-0.0490	-0.0275	0.0129	0.0212	-0.0237	0.0151	0.0138	0.0051	0.0090	-0.0707	-0.0141	-0.0166
GTEX-QEL4-0004-SM-2RXF3	GTEX-QEL4-0004-SM-2RXF3	-0.0165	-0.0035	-0.0818	0.0016	-0.0049	0.0070	0.0137	0.0413	-0.0440	-0.0004	0.0228	0.0228	-0.0271	-0.0276	0.0063	-0.0158	-0.0116	0.0258	-0.0305	0.0563
GTEX-QESD-0001-SM-2MRI9	GTEX-QESD-0001-SM-2MRI9	-0.0217	0.0081	0.0201	0.0026	-0.0144	-0.0083	0.0415	0.0270	0.0113	-0.0030	0.0314	-0.0502	-0.0105	-0.0151	-0.0551	-0.0075	0.0012	0.0146	0.0209	0.0274
GTEX-QLQ7-0003-SM-2MRIB	GTEX-QLQ7-0003-SM-2MRIB	0.0231	-0.5859	0.0208	0.1139	-0.2003	-0.1790	0.0260	-0.0335	-0.0177	-0.0215	0.0086	-0.0170	-0.0078	0.0017	-0.0153	0.0359	-0.0314	0.0441	-0.0048	-0.0150
GTEX-QLQW-0001-SM-2MRID	GTEX-QLQW-0001-SM-2MRID	0.0509	0.0096	0.0004	-0.0194	-0.0560	0.0045	0.0098	-0.0198	-0.0221	0.0600	-0.0168	-0.0797	-0.1320	-0.0116	-0.0113	-0.0646	-0.0271	-0.0274	-0.0596	0.0348
GTEX-QMR6-1926-SM-3L285	GTEX-QMR6-1926-SM-3L285	-0.0202	-0.0074	0.0096	-0.0228	-0.0047	0.0076	-0.0425	0.0176	0.0017	0.0184	-0.0239	-0.0222	-0.0132	0.0101	0.0013	0.0283	-0.0542	0.0243	-0.0046	0.0133
GTEX-QMRM-0002-SM-2MRIF	GTEX-QMRM-0002-SM-2MRIF	-0.0224	0.0102	0.0433	-0.0403	-0.0368	-0.0097	-0.0077	-0.0227	-0.0005	-0.0046	0.0111	-0.0134	0.0197	0.0207	0.0275	-0.0241	-0.0447	-0.0132	0.0122	-0.0545
GTEX-QV31-0003-SM-2MRI2	GTEX-QV31-0003-SM-2MRI2	-0.0212	-0.0019	-0.0039	0.0125	-0.0061	-0.0179	0.0221	-0.0019	0.0367	-0.0130	-0.0060	-0.0024	0.0021	-0.0238	-0.0120	-0.0304	-0.0078	-0.0003	-0.0004	0.0003
GTEX-QV44-0003-SM-2MRI4	GTEX-QV44-0003-SM-2MRI4	-0.0204	-0.0024	0.0104	0.0069	0.0028	0.0143	-0.0223	-0.0246	0.0018	0.0109	-0.0007	-0.0192	0.0235	-0.0203	0.0197	-0.0128	0.0087	0.0156	0.0284	-0.0244
GTEX-QVJO-0002-SM-2MRI6	GTEX-QVJO-0002-SM-2MRI6	-0.0196	0.0063	0.0312	-0.0241	-0.0108	-0.0255	-0.0079	0.0173	-0.0149	-0.0690	-0.0069	-0.0018	0.0350	-0.0044	-0.0320	0.0198	0.0202	0.0350	0.0009	-0.0172
GTEX-QVUS-0001-SM-2RXET	GTEX-QVUS-0001-SM-2RXET	-0.0229	-0.0002	0.0086	0.0379	0.0242	-0.0441	-0.0078	-0.0463	-0.0134	0.0215	-0.0070	0.0425	0.0312	-0.0098	0.0129	0.0029	0.0202	-0.0215	0.0065	0.0158
GTEX-QXCU-0004-SM-2MRI8	GTEX-QXCU-0004-SM-2MRI8	-0.0229	0.0022	0.0108	0.1040	0.0306	0.0170	-0.0242	-0.0150	0.0055	0.0402	0.0298	-0.0013	0.0140	0.0005	-0.0637	-0.0037	0.0597	-0.0235	-0.0197	-0.0112
GTEX-R3RS-0001-SM-2RXF4	GTEX-R3RS-0001-SM-2RXF4	-0.0211	0.0018	-0.0027	-0.0006	0.0044	0.0140	-0.0021	-0.0145	-0.0004	-0.0252	0.0045	0.0518	0.0188	0.0059	0.0183	-0.0100	0.0121	0.0553	0.0083	-0.0309
GTEX-R45C-0003-SM-2RXEW	GTEX-R45C-0003-SM-2RXEW	-0.0218	0.0067	0.0310	0.0594	0.0285	0.0096	-0.0082	0.0052	-0.0322	0.0144	0.0055	-0.0251	0.0056	-0.0341	0.0420	-0.0626	0.0036	0.0092	0.0063	0.0056
GTEX-R53T-0003-SM-2RXEX	GTEX-R53T-0003-SM-2RXEX	-0.0000	-0.0117	0.0315	0.1006	0.0464	0.0089	-0.0498	0.0245	-0.0588	-0.0362	-0.1115	0.0383	0.0406	0.0579	0.0444	-0.0451	-0.0641	-0.0368	-0.0143	-0.0053
GTEX-R55C-0003-SM-2RXF1	GTEX-R55C-0003-SM-2RXF1	-0.0221	0.0109	0.0189	0.0101	-0.0015	-0.0245	0.0362	0.0148	0.0461	0.0274	0.0130	-0.0037	-0.0131	0.0574	0.0145	0.0411	0.0356	-0.0191	-0.0110	-0.0174
GTEX-R55D-0926-SM-325AK	GTEX-R55D-0926-SM-325AK	0.0116	-0.0869	-0.0597	-0.1330	0.1348	0.1849	-0.0819	0.0004	-0.0476	-0.0230	0.0095	0.0006	-0.0530	-0.1526	-0.0588	0.0973	-0.0156	-0.0630	0.0114	0.1691
GTEX-R55E-0003-SM-2MRIC	GTEX-R55E-0003-SM-2MRIC	-0.0186	0.0077	-0.0220	0.0346	0.0019	-0.0303	0.0110	0.0043	-0.0326	0.0081	0.0172	0.0002	-0.0053	0.0029	-0.0259	0.0213	0.0176	0.0230	0.0051	0.0604
GTEX-R55F-0326-SM-3G3SE	GTEX-R55F-0326-SM-3G3SE	-0.0216	0.0150	0.0244	-0.0234	0.0005	-0.0030	-0.0044	0.0212	0.0061	-0.0355	0.0241	0.0039	-0.0185	-0.0360	0.0016	0.0081	0.0042	0.0206	0.0014	-0.0332
GTEX-R55G-0003-SM-2MRIE	GTEX-R55G-0003-SM-2MRIE	-0.0221	0.0107	0.0240	-0.0043	-0.0145	-0.0001	-0.0023	0.0419	-0.0232	-0.0147	0.0075	-0.0218	0.0113	0.0140	-0.0150	0.0260	-0.0018	0.0192	-0.0476	-0.0116
GTEX-REY6-0004-SM-2RXEZ	GTEX-REY6-0004-SM-2RXEZ	-0.0151	0.0031	-0.1838	0.0150	0.0226	0.0010	-0.0064	-0.0258	-0.0052	-0.0653	-0.0150	-0.0504	-0.0180	-0.0262	0.0162	-0.0113	0.0056	-0.0253	0.0193	0.0112
GTEX-RM2N-0002-SM-2RXEV	GTEX-RM2N-0002-SM-2RXEV	-0.0208	-0.0152	0.0539	0.0531	0.0029	0.0218	0.0339	-0.0351	-0.0176	-0.0032	0.0087	0.0193	0.0262	-0.0142	-0.0380	0.0044	0.0031	-0.0097	0.0130	-0.0311
GTEX-RN64-0004-SM-2MRIG	GTEX-RN64-0004-SM-2MRIG	-0.0207	-0.0109	0.0295	0.1228	0.0721	0.0281	0.0069	-0.0093	0.0183	0.0222	-0.0405	-0.0109	0.0052	-0.0218	0.0233	-0.0195	0.0282	0.0050	0.0244	-0.0288
GTEX-RNOR-0001-SM-2RXF2	GTEX-RNOR-0001-SM-2RXF2	-0.0213	-0.0074	0.0152	0.1239	0.0581	0.0131	-0.0027	-0.0365	0.0350	0.0350	-0.0183	-0.0382	0.0210	-0.0151	0.0311	0.0128	0.0480	-0.0291	-0.0156	-0.0167
GTEX-RTLS-0004-SM-2RXEU	GTEX-RTLS-0004-SM-2RXEU	-0.0203	0.0110	0.0182	0.0522	0.0014	0.0113	0.0345	-0.0255	0.0216	-0.0237	0.0030	-0.0192	0.0076	-0.0196	-0.0499	0.0229	-0.0009	-0.0625	0.0332	0.0640
GTEX-RU1J-0002-SM-2RXF5	GTEX-RU1J-0002-SM-2RXF5	0.1161	0.0183	0.0131	0.0188	-0.0510	0.1482	0.0667	-0.1349	-0.2632	-0.0716	0.0452	-0.0643	-0.0417	-0.2059	-0.0866	0.3697	-0.0195	0.0121	-0.1133	-0.0228
GTEX-RU72-0004-SM-2RXF6	GTEX-RU72-0004-SM-2RXF6	0.0238	-0.6030	0.0187	0.1012	-0.2139	-0.1600	0.0173	-0.0128	0.0151	-0.0293	0.0216	-0.0235	-0.0330	-0.0129	-0.0252	0.0323	-0.0162	0.0205	-0.0295	0.0162
GTEX-RUSQ-0001-SM-2RXER	GTEX-RUSQ-0001-SM-2RXER	-0.0214	0.0137	0.0223	-0.0224	-0.0364	-0.0031	0.0282	-0.0529	0.0039	-0.0196	-0.0165	-0.0222	0.0410	0.0286	0.0349	-0.0363	-0.0081	-0.0128	-0.0570	-0.0443
GTEX-RVPU-0001-SM-2RXES	GTEX-RVPU-0001-SM-2RXES	-0.0209	0.0027	0.0184	-0.0193	-0.0019	-0.0680	0.0149	0.0060	0.0450	-0.0480	-0.0441	0.0591	0.0091	-0.0102	0.0234	-0.0140	0.0305	-0.0175	-0.0592	-0.0406
GTEX-RVPV-0003-SM-2RXEQ	GTEX-RVPV-0003-SM-2RXEQ	-0.0211	-0.0294	0.0685	0.0898	0.0477	0.0145	-0.0074	-0.0121	-0.0122	0.0147	0.0419	0.0223	0.0055	0.0632	0.0046	0.0176	-0.0059	-0.0394	0.0348	-0.0238
GTEX-RWS6-0004-SM-2RXEY	GTEX-RWS6-0004-SM-2RXEY	-0.0206	0.0053	-0.0095	-0.0406	-0.0428	-0.0490	-0.0075	0.0349	0.0151	0.0315	0.0292	0.0138	-0.0039	0.0210	-0.0114	0.0440	-0.0091	0.0051	-0.0205	-0.0093
GTEX-RWSA-0003-SM-2VCTT	GTEX-RWSA-0003-SM-2VCTT	-0.0212	0.0019	0.0119	0.0595	-0.0124	0.0108	0.0288	-0.0265	-0.0221	0.0179	-0.0299	0.0087	0.0138	-0.0130	0.0290	-0.0110	-0.0148	-0.0003	0.0602	0.0519
GTEX-S3XE-0003-SM-2VCTV	GTEX-S3XE-0003-SM-2VCTV	-0.0234	0.0093	0.0373	-0.0192	-0.0424	-0.0195	0.0045	0.0102	-0.0008	-0.0381	-0.0080	0.0098	-0.0164	-0.0195	0.0193	0.0068	0.0415	-0.0309	-0.0336	-0.0107
GTEX-S4P3-0004-SM-2VCTW	GTEX-S4P3-0004-SM-2VCTW	-0.0221	0.0020	-0.0002	-0.0235	-0.0067	0.0140	0.0061	0.0225	-0.0058	-0.0070	-0.0036	-0.0135	-0.0253	0.0389	0.0200	0.0038	0.0048	-0.0327	-0.0416	0.0229
GTEX-S4Q7-0001-SM-2VCU1	GTEX-S4Q7-0001-SM-2VCU1	-0.0124	-0.0157	-0.2223	0.0842	-0.0459	-0.0136	0.0163	-0.0106	-0.0311	-0.0279	0.0148	-0.0566	0.0166	0.0159	0.0908	-0.0527	-0.0237	-0.0413	-0.0842	-0.0299
GTEX-S4UY-0003-SM-2VCTU	GTEX-S4UY-0003-SM-2VCTU	-0.0116	-0.0133	-0.1946	-0.0059	-0.0146	-0.0074	-0.0107	0.0060	0.0245	0.0314	0.0374	-0.0006	-0.0558	0.0524	-0.0104	-0.0255	0.0106	0.0125	0.0382	-0.0192
GTEX-S4Z8-0003-SM-2VCTZ	GTEX-S4Z8-0003-SM-2VCTZ	-0.0217	0.0056	0.0276	-0.0471	-0.0250	-0.0027	0.0422	0.0170	-0.0057	-0.0142	-0.0423	0.0090	0.0196	0.0271	-0.0308	-0.0147	0.0049	-0.0045	0.0269	0.0054
GTEX-S7PM-0926-SM-3PZ76	GTEX-S7PM-0926-SM-3PZ76	0.0071	-0.4243	0.1087	-0.2164	0.3129	0.2349	-0.0154	0.0447	0.0045	0.0462	0.0033	0.0266	0.0144	0.0205	0.0394	-0.0650	0.0028	-0.0656	0.0371	-0.0255
GTEX-S7SE-0004-SM-325A3	GTEX-S7SE-0004-SM-325A3	-0.0218	0.0150	0.0337	-0.0153	-0.0205	-0.0251	0.0025	0.0171	-0.0023	-0.0021	0.0155	-0.0082	-0.0012	0.0062	-0.0429	0.0222	0.0164	-0.0673	-0.0113	0.0158
GTEX-S7SF-0003-SM-2VCU4	GTEX-S7SF-0003-SM-2VCU4	-0.0147	0.0029	-0.0549	-0.0249	-0.0165	0.0116	0.0228	0.0333	-0.0146	-0.0397	0.0024	0.0101	-0.0046	0.0817	-0.0160	-0.0463	-0.0117	-0.0221	-0.0393	0.0104
GTEX-S32W-0001-SM-2VCTS	GTEX-S32W-0001-SM-2VCTS	-0.0192	0.0012	-0.0097	-0.0486	0.0165	0.0116	0.0143	0.0235	-0.0093	0.0165	0.0412	0.0298	-0.0480	0.0014	-0.0293	0.0157	0.0049	-0.0097	0.0273	-0.0190
GTEX-S33H-0004-SM-2VCTX	GTEX-S33H-0004-SM-2VCTX	-0.0178	-0.0011	-0.0517	0.0146	-0.0026	-0.0067	-0.0261	-0.0134	-0.0243	0.0525	0.0145	0.0190	0.0375	0.0019	0.0130	-0.0205	-0.0155	-0.0099	0.0123	0.0236
GTEX-S95S-0004-SM-325A4	GTEX-S95S-0004-SM-325A4	-0.0216	0.0051	0.0158	-0.0351	-0.0039	-0.0327	0.0114	0.0163	-0.0207	0.0181	0.0267	-0.0010	0.0036	0.0216	-0.0006	-0.0270	0.0030	0.0231	-0.0060	-0.0309
GTEX-S341-0001-SM-2VCTY	GTEX-S341-0001-SM-2VCTY	0.1372	0.0288	-0.0052	0.0316	0.0968	-0.0204	0.0029	-0.0844	-0.0285	-0.0467	0.0736	0.0088	0.0542	-0.0308	-0.1091	-0.0020	0.0007	0.0495	-0.1631	0.0855
GTEX-SE5C-0003-SM-325AC	GTEX-SE5C-0003-SM-325AC	-0.0216	-0.0016	0.0448	0.0057	0.0134	0.0046	-0.0165	-0.0032	0.0486	-0.0326	0.0041	0.0026	-0.0104	-0.0269	0.0047	-0.0043	0.0273	-0.0203	0.0281	-0.0335
GTEX-SIU7-0002-SM-2VCU5	GTEX-SIU7-0002-SM-2VCU5	-0.0217	0.0094	0.0074	-0.0249	-0.0247	0.0031	-0.0170	0.0077	0.0187	0.0236	0.0231	-0.0024	0.0153	-0.0154	0.0419	0.0246	-0.0342	-0.0153	-0.0177	0.0153
GTEX-SIU8-0002-SM-325AJ	GTEX-SIU8-0002-SM-325AJ	-0.0216	0.0055	0.0244	0.0625	0.0263	-0.0304	0.0387	-0.0228	-0.0031	-0.0305	-0.0264	-0.0193	-0.0272	0.0050	-0.0188	0.0110	0.0267	0.0294	0.0111	-0.0228
GTEX-SJXC-0003-SM-325AA	GTEX-SJXC-0003-SM-325AA	-0.0218	0.0103	0.0239	-0.0288	0.0155	-0.0094	0.0003	-0.0488	0.0114	-0.0039	-0.0010	-0.0057	0.0284	-0.0442	-0.0052	0.0242	0.0020	-0.0011	-0.0036	0.0049
GTEX-SN8G-0002-SM-325AH	GTEX-SN8G-0002-SM-325AH	-0.0206	0.0079	0.0322	-0.0520	-0.0298	-0.0212	0.0076	-0.0232	-0.0141	0.0385	0.0080	-0.0366	-0.0263	-0.0014	-0.0048	0.0294	-0.0459	0.0138	-0.0177	-0.0098
GTEX-SNMC-0004-SM-3259Z	GTEX-SNMC-0004-SM-3259Z	-0.0222	0.0040	-0.0093	-0.0504	-0.0094	-0.0095	-0.0158	0.0023	-0.0292	-0.0314	-0.0459	0.0190	0.0538	0.0185	-0.0198	0.0359	-0.0594	-0.0122	0.0091	-0.0054
GTEX-SNOS-0004-SM-325AE	GTEX-SNOS-0004-SM-325AE	0.0763	0.0139	-0.0055	0.0374	-0.0220	0.1001	-0.0876	0.1892	0.0161	-0.0594	0.2343	0.1576	-0.2405	-0.1267	0.1766	-0.0185	-0.0255	-0.0662	0.0374	0.1951
GTEX-SSA3-0001-SM-325A5	GTEX-SSA3-0001-SM-325A5	0.1148	-0.0087	0.0061	0.0053	-0.1103	0.1026	0.0140	0.0780	0.0789	0.0731	0.0675	0.1470	0.0132	-0.0761	-0.0368	-0.0698	-0.1088	0.0608	0.2618	-0.0934
GTEX-SUCS-0001-SM-325A7	GTEX-SUCS-0001-SM-325A7	-0.0232	0.0176	0.0251	-0.0132	-0.0186	-0.0178	-0.0056	-0.0053	-0.0005	-0.0276	0.0159	0.0196	0.0206	0.0056	0.0141	-0.0555	0.0179	0.0099	-0.0106	-0.0168
GTEX-T2IS-0002-SM-3259Y	GTEX-T2IS-0002-SM-3259Y	-0.0209	0.0127	0.0092	0.0397	0.0248	-0.0020	-0.0359	-0.0204	-0.0043	-0.0253	-0.0202	0.0203	0.0264	0.0001	-0.0039	-0.0599	0.0428	0.0637	-0.0116	0.0135
GTEX-T2YK-0003-SM-325AB	GTEX-T2YK-0003-SM-325AB	0.1145	0.0168	0.0144	0.0253	-0.0035	-0.1602	0.1081	0.1384	0.1205	-0.0671	-0.0250	-0.0763	0.1561	-0.1239	0.1736	0.1413	-0.0521	0.0076	0.0424	0.0365
GTEX-T5JC-0002-SM-325A9	GTEX-T5JC-0002-SM-325A9	-0.0226	0.0065	0.0124	0.0306	0.0117	0.0153	0.0015	0.0354	-0.0104	0.0154	0.0032	-0.0368	0.0056	-0.0130	0.0034	-0.0319	0.0056	-0.0104	-0.0020	0.0369
GTEX-T5JW-0002-SM-3G3SN	GTEX-T5JW-0002-SM-3G3SN	-0.0187	0.0027	0.0206	0.0209	-0.0254	0.0236	0.0076	0.0106	-0.0045	0.0332	0.0198	-0.0484	0.0010	-0.0133	-0.0270	-0.0114	-0.0359	0.0233	0.0294	-0.0184
GTEX-T6MN-0003-SM-325AF	GTEX-T6MN-0003-SM-325AF	-0.0221	0.0071	0.0181	0.0052	0.0071	0.0078	-0.0225	-0.0125	-0.0019	-0.0441	0.0059	0.0541	0.0247	0.0331	0.0099	-0.0148	-0.0028	-0.0427	-0.0518	-0.0076
GTEX-T6MO-0001-SM-325AL	GTEX-T6MO-0001-SM-325AL	-0.0218	0.0068	0.0245	0.0028	-0.0079	0.0017	-0.0590	0.0336	-0.0060	-0.0319	0.0065	-0.0208	0.0298	-0.0222	0.0421	-0.0378	0.0032	-0.0199	-0.0124	-0.0178
GTEX-T8EM-0001-SM-3G3SK	GTEX-T8EM-0001-SM-3G3SK	-0.0219	0.0073	0.0169	-0.0261	-0.0184	0.0131	0.0266	0.0372	0.0112	0.0190	0.0149	-0.0180	0.0273	-0.0034	-0.0473	0.0174	-0.0179	0.0559	0.0146	-0.0210
GTEX-TKQ1-0002-SM-3G3SW	GTEX-TKQ1-0002-SM-3G3SW	0.0710	0.0102	-0.0231	-0.0544	0.1613	-0.1515	0.0177	0.0200	-0.3049	0.0506	-0.0731	-0.3019	-0.2288	-0.0383	-0.0738	-0.1891	0.0418	0.0245	0.0378	-0.0072
GTEX-TKQ2-0002-SM-325AD	GTEX-TKQ2-0002-SM-325AD	-0.0228	0.0069	0.0123	-0.0094	0.0034	-0.0189	-0.0365	-0.0326	0.0035	0.0097	0.0641	-0.0006	-0.0354	-0.0198	-0.0180	-0.0072	-0.0056	-0.0280	0.0081	-0.0042
GTEX-TML8-0004-SM-325A2	GTEX-TML8-0004-SM-325A2	0.0794	-0.0187	-0.0333	-0.0865	0.0586	0.0323	-0.0276	0.1770	-0.0121	-0.0265	-0.1271	0.0467	0.0949	-0.0235	-0.0263	0.0625	0.1066	0.0242	-0.0588	0.1487
GTEX-TMMY-0003-SM-3G3SV	GTEX-TMMY-0003-SM-3G3SV	-0.0227	0.0111	0.0296	0.0379	0.0152	-0.0157	0.0023	0.0378	0.0043	0.0363	-0.0224	-0.0140	-0.0407	0.0133	0.0229	-0.0233	0.0578	-0.0255	-0.0251	-0.0502
GTEX-TMZS-0002-SM-3G3S5	GTEX-TMZS-0002-SM-3G3S5	-0.0202	0.0085	-0.0041	-0.0141	0.0006	0.0187	-0.0127	0.0223	-0.0111	-0.0026	-0.0202	0.0025	-0.0015	-0.0163	-0.0283	-0.0125	0.0031	0.0067	0.0252	0.0014
GTEX-TSE9-0002-SM-3G3SA	GTEX-TSE9-0002-SM-3G3SA	-0.0215	-0.0175	0.0239	0.1134	0.0980	0.0118	0.0333	-0.0040	-0.0083	-0.0073	0.0372	0.0377	0.0373	0.0027	-0.0387	0.0354	0.0259	-0.0035	0.0364	-0.0577
GTEX-U3ZH-0003-SM-3G3RZ	GTEX-U3ZH-0003-SM-3G3RZ	-0.0158	0.0136	0.0016	-0.0210	-0.0135	-0.0307	-0.0083	0.0092	-0.0136	0.0012	0.0109	0.0519	0.0019	-0.0383	-0.0121	0.0782	0.0162	0.0024	0.0074	-0.0191
GTEX-U3ZM-0004-SM-3G3SF	GTEX-U3ZM-0004-SM-3G3SF	-0.0207	-0.0030	0.0182	0.0019	-0.0018	-0.0069	0.0147	-0.0140	-0.0127	0.0202	-0.0176	-0.0206	-0.0054	-0.0142	-0.0382	0.0006	0.0375	0.0502	0.0343	-0.0062
GTEX-U3ZN-0001-SM-3G3SR	GTEX-U3ZN-0001-SM-3G3SR	-0.0212	0.0105	-0.0151	-0.0150	-0.0325	0.0179	0.0224	-0.0027	0.0426	-0.0146	0.0015	-0.0104	0.0189	-0.0478	0.0495	0.0253	-0.0091	-0.0135	0.0334	0.0088
GTEX-U4B1-0001-SM-3G3SS	GTEX-U4B1-0001-SM-3G3SS	-0.0222	0.0155	0.0113	-0.0050	-0.0015	-0.0044	0.0008	-0.0060	-0.0402	-0.0399	-0.0106	0.0026	0.0082	-0.0313	-0.0113	-0.0055	0.0324	-0.0399	-0.0105	-0.0038
GTEX-U8T8-2026-SM-3L286	GTEX-U8T8-2026-SM-3L286	-0.0198	0.0040	-0.0219	-0.0369	-0.0006	0.0213	-0.0365	0.0376	0.0001	0.0006	-0.0230	0.0170	-0.0740	0.0638	-0.0256	0.0011	-0.0223	0.0642	-0.0091	0.0104
GTEX-U8XE-0004-SM-3G3SU	GTEX-U8XE-0004-SM-3G3SU	-0.0216	0.0096	0.0316	0.0029	0.0227	0.0021	-0.0062	-0.0219	-0.0059	0.0329	0.0199	-0.0050	-0.0102	0.0302	-0.0423	0.0034	-0.0031	-0.0069	-0.0224	-0.0130
GTEX-U412-0001-SM-3G3S1	GTEX-U412-0001-SM-3G3S1	0.1254	0.0114	0.0050	0.0283	-0.0649	0.0048	0.0190	-0.0732	0.0032	-0.1079	-0.0365	-0.1357	0.0298	-0.1623	-0.0503	-0.0717	0.0633	-0.0178	0.0581	0.0277
GTEX-UJHI-0001-SM-3L287	GTEX-UJHI-0001-SM-3L287	0.1130	0.0036	0.0002	-0.0082	0.0651	-0.0371	-0.0947	0.1544	0.0135	0.2843	0.0931	-0.1275	0.0610	-0.0377	-0.2059	0.0041	-0.0913	0.0023	0.0113	0.0312
GTEX-UJMC-0002-SM-3G3ST	GTEX-UJMC-0002-SM-3G3ST	0.1030	0.0169	0.0270	0.0603	-0.1385	0.0763	-0.0252	-0.0426	-0.0067	-0.0287	-0.1093	-0.1676	-0.0619	-0.0637	0.2171	0.0335	0.0870	0.1084	0.0906	0.1296
GTEX-UPJH-0002-SM-3G3S2	GTEX-UPJH-0002-SM-3G3S2	-0.0207	0.0146	0.0277	0.0072	-0.0287	0.0266	0.0159	-0.0654	0.0233	-0.0357	0.0026	-0.0206	0.0048	0.0137	0.0182	-0.0082	-0.0811	-0.0046	-0.0190	0.0095
GTEX-UPK5-0002-SM-3G3SL	GTEX-UPK5-0002-SM-3G3SL	-0.0219	0.0005	0.0026	0.0539	0.0432	0.0149	-0.0151	-0.0030	-0.0152	0.0010	-0.0085	-0.0147	0.0118	-0.0009	0.0367	0.0405	0.0438	0.0235	-0.0156	0.0110
GTEX-UTHO-0003-SM-3G3SP	GTEX-UTHO-0003-SM-3G3SP	-0.0227	0.0140	0.0268	-0.0139	-0.0164	-0.0248	-0.0006	-0.0068	-0.0140	-0.0128	-0.0337	0.0443	-0.0085	-0.0123	0.0232	0.0013	-0.0357	-0.0073	-0.0017	0.0042
GTEX-V1D1-0001-SM-3G3SG	GTEX-V1D1-0001-SM-3G3SG	-0.0209	0.0028	0.0044	0.0236	-0.0245	-0.0163	0.0128	0.0172	-0.0083	-0.0377	0.0146	-0.0050	-0.0376	-0.0018	0.0267	-0.0101	-0.0378	-0.0415	0.0015	0.0286
GTEX-V955-0001-SM-3G3SX	GTEX-V955-0001-SM-3G3SX	-0.0234	0.0049	0.0387	-0.0337	-0.0205	-0.0246	0.0467	0.0202	-0.0285	0.0238	-0.0379	-0.0218	0.0004	0.0231	0.0077	-0.0258	0.0220	0.0272	-0.0221	0.0413
GTEX-VJWN-0003-SM-3G3S4	GTEX-VJWN-0003-SM-3G3S4	-0.0213	0.0118	0.0314	-0.0022	-0.0296	0.0205	0.0090	-0.0140	0.0110	0.0259	0.0103	0.0244	-0.0367	0.0457	0.0101	0.0019	-0.0009	0.0101	-0.0069	-0.0286
GTEX-VJYA-0003-SM-3G3S9	GTEX-VJYA-0003-SM-3G3S9	0.1238	0.0123	-0.0041	-0.0411	0.0571	-0.0901	-0.0221	-0.1597	0.0059	-0.0875	0.0810	0.2319	-0.0024	0.0486	0.0369	-0.1874	-0.0120	-0.0452	0.0048	0.0065
GTEX-VUSG-0002-SM-3G3SC	GTEX-VUSG-0002-SM-3G3SC	-0.0226	0.0183	0.0225	-0.0139	-0.0018	-0.0418	-0.0214	0.0380	-0.0076	0.0061	-0.0018	-0.0215	0.0238	0.0488	0.0152	0.0526	-0.0002	-0.0226	-0.0197	0.0535
GTEX-VUSH-0002-SM-3PZ7N	GTEX-VUSH-0002-SM-3PZ7N	0.1208	0.0083	0.0150	0.0118	0.0324	-0.0065	0.0837	-0.0262	-0.1086	-0.1016	0.0660	0.0129	0.2515	-0.0041	0.0742	-0.2028	-0.0819	-0.0332	-0.0408	0.0675
GTEX-W5WG-0003-SM-3G3SH	GTEX-W5WG-0003-SM-3G3SH	-0.0223	0.0042	0.0063	-0.0318	-0.0124	-0.0257	0.0128	-0.0162	-0.0056	0.0341	-0.0009	-0.0461	-0.0081	0.0012	0.0281	0.0031	-0.0546	0.0614	0.0026	0.0291
GTEX-W5X1-0002-SM-3G3S7	GTEX-W5X1-0002-SM-3G3S7	0.1279	0.0065	0.0181	0.0468	-0.0417	-0.0621	0.0512	0.0105	-0.1375	0.0494	0.0500	-0.0375	0.0622	0.0160	0.1370	0.0783	0.1705	0.0929	0.0525	-0.1138
GTEX-WCDI-0001-SM-3PZ7A	GTEX-WCDI-0001-SM-3PZ7A	0.1242	0.0121	0.0105	0.0416	-0.0810	0.0774	0.1626	0.1083	0.1201	-0.1477	-0.0884	-0.0462	-0.0683	0.0733	0.0424	-0.0415	0.0099	-0.0864	0.1523	0.0227
GTEX-WEY5-0003-SM-3G3SD	GTEX-WEY5-0003-SM-3G3SD	-0.0216	0.0042	0.0007	-0.0225	-0.0203	-0.0258	0.0088	0.0224	0.0062	0.0239	-0.0151	-0.0045	-0.0109	-0.0088	0.0212	0.0158	-0.0286	0.0106	-0.0232	-0.0546
GTEX-WFG7-0002-SM-3G3SI	GTEX-WFG7-0002-SM-3G3SI	-0.0169	-0.0052	-0.0827	0.0056	-0.0311	-0.0406	-0.0290	-0.0077	-0.0149	0.0160	0.0431	-0.0086	0.0491	-0.0385	0.0770	0.0307	0.0194	0.0111	-0.0041	0.0361
GTEX-WFG8-0004-SM-3G3SO	GTEX-WFG8-0004-SM-3G3SO	-0.0202	0.0136	0.0228	0.0013	-0.0191	-0.0285	-0.0165	-0.0088	-0.0232	0.0287	-0.0184	-0.0528	0.0080	0.0180	0.0101	0.0178	0.0318	0.0624	-0.0315	0.0051
GTEX-WFJO-0003-SM-3G3S3	GTEX-WFJO-0003-SM-3G3S3	-0.0209	0.0092	0.0158	-0.0586	-0.0064	0.0050	-0.0355	-0.0375	0.0145	0.0172	0.0032	-0.0138	0.0003	-0.0322	0.0189	-0.0057	-0.0332	-0.0448	0.0092	-0.0197
GTEX-WFON-0003-SM-3G3S8	GTEX-WFON-0003-SM-3G3S8	-0.0214	0.0126	-0.0005	-0.0078	-0.0341	-0.0030	-0.0214	-0.0015	0.0017	-0.0061	0.0071	-0.0186	-0.0269	-0.0228	0.0295	-0.0055	-0.0232	0.0290	-0.0029	-0.0373
GTEX-WH7G-0004-SM-3PZ86	GTEX-WH7G-0004-SM-3PZ86	-0.0212	0.0068	-0.0058	0.0242	-0.0389	-0.0075	0.0131	0.0036	-0.0297	-0.0014	0.0072	-0.0202	0.0051	-0.0106	0.0247	-0.0348	-0.0087	-0.0019	0.0487	-0.0058
GTEX-WHPG-0002-SM-3PZ77	GTEX-WHPG-0002-SM-3PZ77	-0.0081	-0.1134	0.0257	-0.0990	0.0357	0.0819	-0.0300	0.0741	-0.0233	-0.0251	0.0077	0.0146	0.0439	0.0218	0.0162	-0.0365	0.0033	-0.0270	-0.0001	-0.0597
GTEX-WHSB-0004-SM-3G3RY	GTEX-WHSB-0004-SM-3G3RY	-0.0211	0.0064	0.0151	-0.0163	-0.0383	-0.0200	-0.0071	-0.0376	0.0278	-0.0071	0.0069	-0.0008	0.0096	0.0265	0.0248	0.0266	-0.0355	0.0172	0.0033	-0.0462
GTEX-WHSE-1726-SM-3PZ7X	GTEX-WHSE-1726-SM-3PZ7X	-0.0196	0.0112	-0.0639	-0.0379	-0.0111	0.0316	0.0474	-0.0058	-0.0016	-0.0443	-0.0133	-0.0086	0.0034	-0.0073	-0.0101	0.0037	0.0136	-0.0372	-0.0050	-0.0332
GTEX-WHWD-0002-SM-3G3SY	GTEX-WHWD-0002-SM-3G3SY	-0.0208	0.0027	0.0049	-0.0428	-0.0370	-0.0057	-0.0149	0.0450	-0.0254	-0.0183	0.0255	0.0106	-0.0214	0.0689	0.0189	0.0473	0.0534	-0.0088	-0.0131	-0.0219
GTEX-WI4N-1326-SM-3PZ7L	GTEX-WI4N-1326-SM-3PZ7L	-0.0211	0.0123	0.0087	0.0061	-0.0076	-0.0084	0.0322	-0.0034	0.0178	0.0043	0.0039	0.0133	0.0169	-0.0118	0.0078	-0.0091	0.0002	-0.0064	-0.0003	0.0535
GTEX-WK11-0002-SM-3PZ7M	GTEX-WK11-0002-SM-3PZ7M	-0.0205	-0.0041	0.0048	-0.0185	0.0252	-0.0115	0.0220	-0.0130	-0.0339	0.0146	0.0031	-0.0201	0.0033	-0.0018	0.0089	-0.0404	0.0023	0.0892	0.0056	0.0494
GTEX-WL46-0002-SM-3PZ7T	GTEX-WL46-0002-SM-3PZ7T	-0.0209	0.0021	0.0161	0.0500	0.0522	-0.0308	-0.0001	0.0074	0.0032	0.0213	0.0053	0.0237	0.0000	-0.0170	0.0074	-0.0422	0.0071	-0.0342	-0.0044	0.0021
GTEX-WOFL-0003-SM-3PZ7H	GTEX-WOFL-0003-SM-3PZ7H	-0.0227	0.0162	0.0355	-0.0243	-0.0226	-0.0454	-0.0107	0.0178	-0.0147	-0.0120	-0.0005	0.0232	-0.0503	0.0061	0.0197	-0.0060	0.0466	0.0117	-0.0419	0.0085
GTEX-WOFM-0003-SM-3PZ7W	GTEX-WOFM-0003-SM-3PZ7W	-0.0220	0.0059	0.0252	-0.0586	-0.0165	-0.0090	-0.0015	0.0035	0.0116	0.0267	0.0030	-0.0435	0.0555	-0.0555	-0.0288	-0.0116	-0.0256	0.0537	0.0142	0.0420
GTEX-WQUQ-0002-SM-3PZ78	GTEX-WQUQ-0002-SM-3PZ78	-0.0226	-0.0042	0.0457	0.1146	0.0436	-0.0019	0.0585	-0.0122	0.0215	-0.0296	0.0033	0.0160	-0.0051	0.0176	0.0265	0.0234	0.0088	-0.0389	0.0057	-0.0055
GTEX-WRHK-0003-SM-3PZ7S	GTEX-WRHK-0003-SM-3PZ7S	-0.0207	0.0011	0.0084	-0.0187	-0.0239	0.0433	0.0405	0.0023	0.0446	-0.0161	-0.0461	-0.0568	0.0450	-0.0199	-0.0636	-0.0381	0.0169	0.0101	-0.0448	0.0249
GTEX-WRHU-0003-SM-3PZ7D	GTEX-WRHU-0003-SM-3PZ7D	-0.0213	0.0160	0.0215	0.0161	-0.0097	0.0070	-0.0270	0.0237	0.0170	-0.0238	-0.0264	-0.0006	0.0348	0.0046	0.0332	-0.0319	0.0059	-0.0567	0.0404	-0.0666
GTEX-WVLH-0001-SM-3PZ7K	GTEX-WVLH-0001-SM-3PZ7K	-0.0224	-0.0015	0.0154	-0.0245	0.0266	0.0210	0.0384	-0.0014	-0.0547	0.0055	-0.0101	0.0449	-0.0355	0.0039	-0.0042	0.0066	-0.0294	-0.0282	0.0025	-0.0363
GTEX-WWYW-0004-SM-3PZ7I	GTEX-WWYW-0004-SM-3PZ7I	-0.0218	-0.0010	0.0190	0.0194	0.0453	0.0276	0.0119	0.0349	0.0106	0.0130	0.0578	0.0099	-0.0158	0.0338	-0.0433	-0.0221	0.0316	0.0111	0.0143	0.0072
GTEX-WXYG-0001-SM-3PZ82	GTEX-WXYG-0001-SM-3PZ82	0.1187	0.0195	0.0043	-0.0194	-0.0035	-0.0582	-0.1375	0.2220	-0.0781	0.0192	0.0183	-0.0808	0.0713	0.0028	-0.1532	0.0040	0.1812	0.0259	0.0643	-0.1653
GTEX-WY7C-0002-SM-3PZ81	GTEX-WY7C-0002-SM-3PZ81	-0.0219	0.0047	0.0017	0.0155	0.0050	-0.0223	-0.0130	0.0186	-0.0116	-0.0022	0.0165	-0.0102	0.0326	0.0260	-0.0104	0.0563	0.0440	-0.0325	-0.0430	-0.0330
GTEX-WYBS-0126-SM-3PZ7C	GTEX-WYBS-0126-SM-3PZ7C	-0.0203	0.0014	0.0032	0.1049	0.0435	0.0160	0.0185	0.0132	-0.0286	0.0067	-0.0483	-0.0039	0.0209	-0.0028	-0.0032	-0.0446	-0.0151	0.0039	0.0292	-0.0433
GTEX-WYJK-0001-SM-3PZ7Z	GTEX-WYJK-0001-SM-3PZ7Z	-0.0219	0.0031	0.0009	-0.0432	-0.0393	0.0095	-0.0125	-0.0163	0.0163	-0.0120	-0.0335	-0.0522	-0.0465	0.0088	-0.0016	0.0430	0.0124	-0.0280	0.0251	0.0154
GTEX-WYVS-0002-SM-3PZ7R	GTEX-WYVS-0002-SM-3PZ7R	-0.0220	0.0122	0.0190	-0.0449	-0.0219	0.0045	0.0179	0.0040	0.0366	0.0069	0.0318	0.0062	-0.0243	0.0442	0.0330	0.0393	-0.0242	-0.0646	-0.0508	0.0578
GTEX-WZTO-0002-SM-3PZ84	GTEX-WZTO-0002-SM-3PZ84	-0.0174	-0.0018	-0.0696	-0.0012	-0.0021	-0.0512	0.0145	0.0452	-0.0273	0.0465	-0.0028	-0.0110	-0.0034	-0.0353	-0.0377	0.0354	0.0682	0.0629	0.0325	-0.0241
GTEX-X3Y1-0002-SM-3PZ85	GTEX-X3Y1-0002-SM-3PZ85	0.1098	0.0094	0.0220	0.0217	-0.0297	0.0098	0.0153	0.0548	-0.2875	0.0688	-0.1669	0.1833	-0.1590	0.2135	0.0026	0.0768	-0.1425	0.0482	-0.1030	-0.0047
GTEX-X4EO-0003-SM-3PZ83	GTEX-X4EO-0003-SM-3PZ83	-0.0203	0.0067	0.0187	0.0351	-0.0523	-0.0305	-0.0075	0.0207	0.0082	-0.0306	0.0066	-0.0141	0.0292	-0.0483	-0.0184	-0.0082	0.0359	-0.0019	-0.0671	-0.0057
GTEX-X4EP-0002-SM-3PZ7Y	GTEX-X4EP-0002-SM-3PZ7Y	-0.0203	0.0074	0.0218	0.0438	0.0109	-0.0056	0.0438	-0.0164	0.0239	-0.0108	0.0183	0.0023	0.0092	0.0633	-0.0068	0.0013	-0.0264	-0.0139	0.0485	-0.0018
GTEX-X4LF-0001-SM-3PZ79	GTEX-X4LF-0001-SM-3PZ79	-0.0205	0.0139	-0.0285	-0.0126	0.0435	-0.0071	0.0201	0.0101	0.0452	-0.0030	0.0322	0.0247	-0.0225	0.0213	0.0190	0.0185	-0.0383	-0.0645	-0.0255	-0.0407
GTEX-X4XX-0004-SM-3PZ7P	GTEX-X4XX-0004-SM-3PZ7P	-0.0153	-0.0097	-0.1789	0.0106	-0.0021	0.0030	0.0432	0.0024	-0.0074	0.0267	0.0179	0.0047	0.0390	-0.0055	-0.0061	-0.0074	-0.0193	0.0103	0.0128	0.0222
GTEX-X4XY-0002-SM-3PZ7Q	GTEX-X4XY-0002-SM-3PZ7Q	-0.0216	0.0058	0.0298	-0.0164	-0.0320	0.0013	0.0258	0.0213	0.0049	-0.0280	0.0124	-0.0240	0.0072	0.0435	-0.0210	-0.0365	-0.0060	-0.0280	-0.0093	0.0230
GTEX-X5EB-0001-SM-3PZ7V	GTEX-X5EB-0001-SM-3PZ7V	-0.0208	0.0146	0.0102	-0.0285	0.0047	-0.0053	0.0142	0.0090	0.0075	0.0316	-0.0241	0.0181	0.0221	0.0029	-0.0428	0.0234	-0.0050	-0.0361	0.0080	0.0001
GTEX-X8HC-0003-SM-3PZ7F	GTEX-X8HC-0003-SM-3PZ7F	-0.0220	-0.0028	0.0364	0.0258	0.0219	0.0356	0.0009	-0.0143	-0.0042	0.0366	-0.0062	0.0032	-0.0069	0.0051	0.0158	0.0379	-0.0513	0.0237	-0.0148	-0.0196
GTEX-X15G-0002-SM-3PZ7J	GTEX-X15G-0002-SM-3PZ7J	-0.0225	0.0139	0.0349	-0.0203	-0.0341	-0.0095	0.0227	0.0019	0.0121	-0.0502	0.0118	-0.0661	-0.0027	-0.0106	-0.0259	0.0083	0.0215	0.0278	-0.0382	0.0349
GTEX-X62O-0001-SM-3PZ7O	GTEX-X62O-0001-SM-3PZ7O	-0.0210	-0.0003	0.0345	0.0646	0.0283	-0.0043	-0.0031	-0.0333	0.0216	-0.0132	0.0188	0.0404	-0.0103	0.0055	-0.0089	0.0172	0.0143	-0.0272	0.0119	-0.0014
GTEX-X261-0002-SM-3PZ7E	GTEX-X261-0002-SM-3PZ7E	-0.0209	0.0012	0.0047	-0.0041	-0.0099	-0.0454	0.0113	-0.0866	0.0183	-0.0512	0.0074	0.0382	0.0065	-0.0634	-0.0249	0.0266	-0.0253	-0.0355	0.0067	0.0102
GTEX-X585-0003-SM-3PZ7U	GTEX-X585-0003-SM-3PZ7U	0.1336	0.0149	-0.0084	0.0079	-0.0688	-0.0144	0.0116	0.0071	-0.0187	0.0287	0.0375	0.0354	-0.0356	0.0714	0.0182	0.0486	0.0875	-0.0114	0.0246	-0.0474
GTEX-XAJ8-0001-SM-3PZ7B	GTEX-XAJ8-0001-SM-3PZ7B	-0.0221	0.0083	0.0239	-0.0120	0.0018	0.0130	-0.0162	0.0155	0.0103	-0.0256	-0.0281	-0.0164	0.0089	-0.0019	0.0307	-0.0047	-0.0070	0.0220	0.0283	-0.0156
GTEX-XBED-0004-SM-3PZ7G	GTEX-XBED-0004-SM-3PZ7G	-0.0207	0.0111	0.0020	-0.0345	-0.0308	-0.0216	-0.0204	-0.0314	0.0237	-0.0237	0.0010	0.0262	-0.0134	0.0079	0.0077	0.0202	0.0573	-0.0150	0.0038	-0.0046
GTEX-11DXW-0003-SM-5DWSM	GTEX-11DXW-0003-SM-5DWSM	-0.0215	0.0110	-0.0097	-0.0468	0.0055	-0.0435	0.0041	0.0456	-0.0299	0.0301	-0.0143	0.0061	-0.0434	0.0086	-0.0154	-0.0050	0.0068	0.0487	0.0068	-0.0553
GTEX-11DXX-0004-SM-5DWSD	GTEX-11DXX-0004-SM-5DWSD	-0.0218	0.0080	0.0150	-0.0061	-0.0310	-0.0239	-0.0384	0.0043	-0.0186	-0.0216	0.0056	0.0080	-0.0102	-0.0103	-0.0249	-0.0230	0.0006	-0.0277	0.0192	0.0325
GTEX-11DXY-0004-SM-5DWST	GTEX-11DXY-0004-SM-5DWST	-0.0156	-0.0021	-0.1011	0.0166	-0.0444	0.0537	-0.0240	0.0131	-0.0424	-0.0515	0.0028	0.0085	-0.0653	0.0092	-0.0148	0.0117	-0.0232	0.0541	-0.0147	-0.0207
GTEX-11DXZ-0003-SM-5DWSR	GTEX-11DXZ-0003-SM-5DWSR	0.1110	0.0047	-0.0062	-0.0131	-0.0522	0.0955	-0.0151	0.0143	0.1655	-0.0206	-0.0428	0.0696	-0.1903	-0.0662	0.1767	0.0689	0.2360	0.1336	0.0619	-0.1673
GTEX-11DYG-0004-SM-5DWSF	GTEX-11DYG-0004-SM-5DWSF	0.1161	0.0028	-0.0039	-0.0895	0.0841	-0.0696	-0.1513	-0.2257	-0.0055	0.0465	-0.0257	0.0531	-0.0472	0.1109	0.0477	-0.1073	0.1189	0.0208	0.0900	0.0063
GTEX-11DZ1-0002-SM-5DWSL	GTEX-11DZ1-0002-SM-5DWSL	-0.0214	-0.0055	0.0180	-0.0482	-0.0109	-0.0064	0.0237	0.0272	0.0053	-0.0114	0.0400	0.0050	0.0033	0.0764	0.0243	0.0061	-0.0356	0.0189	-0.0123	-0.0031
GTEX-11EI6-0004-SM-5DWSG	GTEX-11EI6-0004-SM-5DWSG	-0.0218	0.0054	0.0305	-0.0254	-0.0214	0.0017	0.0391	-0.0162	0.0265	-0.0117	0.0125	-0.0476	-0.0192	-0.0037	-0.0052	0.0186	-0.0225	-0.0169	0.0119	0.0166
GTEX-11EM3-0004-SM-5DWTY	GTEX-11EM3-0004-SM-5DWTY	-0.0206	0.0072	0.0034	-0.0411	-0.0716	-0.0343	0.0338	-0.0082	0.0121	-0.0064	-0.0409	-0.0152	-0.0124	0.0076	-0.0189	0.0055	-0.0350	-0.0180	-0.0047	0.0452
GTEX-11EMC-0004-SM-5DWTM	GTEX-11EMC-0004-SM-5DWTM	-0.0197	-0.0060	-0.0044	0.0041	-0.0044	0.0090	-0.0065	-0.0212	0.0395	-0.0035	0.0017	0.0064	-0.0182	-0.0111	-0.0308	-0.0298	0.0101	-0.0032	0.0404	0.0025
GTEX-11EQ8-0001-SM-5DWSU	GTEX-11EQ8-0001-SM-5DWSU	-0.0210	-0.0090	0.0214	0.0755	0.0781	0.0336	0.0122	-0.0166	0.0269	0.0135	0.0203	0.0364	-0.0175	-0.0138	-0.0472	-0.0290	0.0305	-0.0090	-0.0315	-0.0530
GTEX-11EQ9-0003-SM-5DWSP	GTEX-11EQ9-0003-SM-5DWSP	-0.0209	0.0020	-0.0158	0.0360	0.0138	-0.0274	-0.0822	-0.0244	0.0018	-0.0084	0.0279	0.0187	0.0011	-0.0409	0.0032	0.0021	-0.0137	0.0140	-0.0260	0.0074
GTEX-11GS4-0004-SM-5DWSQ	GTEX-11GS4-0004-SM-5DWSQ	-0.0144	-0.0029	-0.1688	0.0301	0.0092	-0.0175	-0.0099	0.0003	-0.0152	0.0073	-0.0315	0.0453	-0.0238	0.0197	-0.0638	0.0091	0.0408	-0.0456	-0.0366	0.0228
GTEX-11GSO-0003-SM-5DWSW	GTEX-11GSO-0003-SM-5DWSW	-0.0215	0.0052	-0.0053	0.0007	-0.0173	0.0185	-0.0250	-0.0169	0.0166	0.0121	-0.0157	0.0243	0.0171	-0.0489	-0.0045	0.0129	-0.0063	-0.0457	0.0308	-0.0304
GTEX-11GSP-0004-SM-5DWSV	GTEX-11GSP-0004-SM-5DWSV	-0.0218	0.0025	-0.0120	0.0386	0.0234	-0.0098	-0.0092	-0.0045	-0.0106	0.0044	0.0207	0.0201	-0.0593	0.0268	-0.0093	0.0377	-0.0131	0.0298	0.0266	0.0163
GTEX-11I78-0002-SM-5DWT9	GTEX-11I78-0002-SM-5DWT9	-0.0209	0.0121	-0.0064	-0.0400	-0.0060	-0.0128	-0.0277	0.0205	-0.0247	-0.0345	0.0160	0.0138	0.0126	-0.0020	0.0507	-0.0007	0.0022	0.0329	-0.0001	-0.0163
GTEX-11LCK-0002-SM-5DWRA	GTEX-11LCK-0002-SM-5DWRA	-0.0219	0.0119	0.0102	-0.0286	-0.0090	-0.0084	0.0085	-0.0091	0.0343	0.0010	-0.0318	-0.0256	0.0052	-0.0164	0.0202	0.0235	-0.0014	-0.0010	-0.0289	0.0100
GTEX-11NUK-0004-SM-5DWSZ	GTEX-11NUK-0004-SM-5DWSZ	-0.0206	-0.0021	0.0084	0.0023	0.0253	0.0178	-0.0032	0.0191	-0.0155	0.0085	-0.0358	-0.0178	0.0017	0.0079	-0.0205	-0.0371	0.0129	-0.0215	0.0146	-0.1059
GTEX-11NV4-0001-SM-5DWSY	GTEX-11NV4-0001-SM-5DWSY	0.1172	0.0134	-0.0069	-0.0442	0.0769	0.0018	0.0087	-0.0149	0.2299	0.0557	-0.1101	-0.0483	-0.0598	0.0203	-0.0303	0.0199	-0.1045	0.0659	-0.0045	-0.0312
GTEX-11ONC-0003-SM-5DWT5	GTEX-11ONC-0003-SM-5DWT5	-0.0208	0.0050	0.0190	-0.0579	-0.0066	-0.0062	-0.0123	-0.0190	0.0474	-0.0394	-0.0076	0.0235	-0.0447	0.0163	0.0350	0.0283	-0.0743	-0.0313	-0.0172	-0.0274
GTEX-11P7K-0002-SM-5DWTW	GTEX-11P7K-0002-SM-5DWTW	0.1244	0.0252	0.0143	0.0963	-0.1403	0.1732	0.1147	0.0075	0.1283	-0.1040	0.1191	0.0736	-0.0481	-0.0426	-0.1471	-0.0482	-0.1115	-0.0631	-0.1056	-0.0280
GTEX-11P81-0002-SM-5DWT1	GTEX-11P81-0002-SM-5DWT1	-0.0222	0.0120	0.0020	-0.0284	-0.0112	-0.0039	-0.0464	-0.0341	0.0367	-0.0291	-0.0068	-0.0245	0.0271	-0.0427	0.0314	-0.0537	-0.0356	0.0018	0.0081	-0.0077
GTEX-11P82-0003-SM-5DWRC	GTEX-11P82-0003-SM-5DWRC	-0.0203	0.0065	0.0049	-0.0251	-0.0332	-0.0326	-0.0158	0.0454	0.0133	-0.0185	0.0270	0.0438	-0.0061	-0.0036	0.0015	-0.0024	0.0227	-0.0807	-0.0330	-0.0030
GTEX-11PRG-0004-SM-5DWRB	GTEX-11PRG-0004-SM-5DWRB	0.1369	0.0079	-0.0039	0.0148	0.0692	-0.0399	0.0342	-0.1576	0.0528	0.0091	-0.0367	-0.0792	-0.0489	0.1059	0.0833	0.0412	-0.0269	0.0726	-0.0337	-0.0392
GTEX-11TT1-0001-SM-5DWT7	GTEX-11TT1-0001-SM-5DWT7	0.0243	0.0128	0.0141	-0.0321	-0.0227	-0.0030	0.0744	0.0251	0.0819	0.0306	-0.0574	-0.0173	0.0045	0.0014	-0.0703	0.0149	-0.0314	0.0531	0.0311	0.0032
GTEX-11TTK-0002-SM-5DWT4	GTEX-11TTK-0002-SM-5DWT4	-0.0217	-0.0024	0.0364	0.1252	0.0562	0.0284	-0.0318	-0.0327	0.0228	-0.0080	-0.0271	-0.0064	-0.0266	0.0157	0.0270	0.0221	0.0042	-0.0098	-0.0058	0.0124
GTEX-11TUW-0004-SM-5DWT8	GTEX-11TUW-0004-SM-5DWT8	-0.0208	0.0185	-0.0149	-0.0171	0.0205	0.0294	0.0028	0.0295	-0.0146	-0.0147	-0.0256	0.0211	0.0129	0.0233	-0.0382	0.0302	-0.0296	-0.0067	0.0202	-0.0727
GTEX-11UD1-0001-SM-5DWT6	GTEX-11UD1-0001-SM-5DWT6	0.1325	0.0212	-0.0014	-0.0585	-0.0458	-0.0393	0.0114	-0.0429	-0.0279	0.0741	0.1013	0.0897	0.0352	0.1172	-0.1586	0.0782	-0.1121	-0.1362	0.1027	-0.0401
GTEX-11UD2-0001-SM-5DWT3	GTEX-11UD2-0001-SM-5DWT3	-0.0200	0.0110	0.0201	0.0112	-0.0120	-0.0210	-0.0253	-0.0026	-0.0186	0.0116	0.0136	-0.0025	-0.0400	-0.0195	-0.0223	-0.0021	0.0129	-0.0088	0.0267	-0.0085
GTEX-11VI4-0003-SM-5DWTX	GTEX-11VI4-0003-SM-5DWTX	-0.0206	0.0100	-0.0108	-0.0115	0.0139	0.0454	0.0047	-0.0223	-0.0290	0.0053	0.0049	-0.0303	-0.0381	-0.0066	0.0624	0.0323	-0.0174	0.0384	0.0058	0.0121
GTEX-11WQC-0003-SM-5DWTG	GTEX-11WQC-0003-SM-5DWTG	0.1173	0.0101	-0.0079	0.0353	0.0446	-0.0434	-0.0564	0.1162	-0.0541	0.0227	-0.0188	0.1360	-0.0076	0.1918	-0.0682	0.1510	-0.0824	0.0625	0.2326	0.0940
GTEX-11WQK-0003-SM-5DWTN	GTEX-11WQK-0003-SM-5DWTN	-0.0200	0.0121	0.0050	-0.0270	0.0156	-0.0031	-0.0064	-0.0286	0.0064	0.0188	-0.0047	-0.0096	-0.0489	-0.0181	0.0198	-0.0033	-0.0138	-0.0151	0.0220	0.0277
GTEX-11XUK-0003-SM-5DWTF	GTEX-11XUK-0003-SM-5DWTF	-0.0217	0.0124	0.0462	-0.0363	-0.0211	-0.0195	-0.0233	-0.0062	0.0142	-0.0428	-0.0202	0.0316	-0.0617	-0.0377	0.0025	-0.0044	0.0040	-0.0287	0.0157	0.0265
GTEX-11ZTS-0001-SM-5DWTD	GTEX-11ZTS-0001-SM-5DWTD	-0.0212	0.0123	0.0225	-0.0598	-0.0003	0.0104	0.0176	0.0250	-0.0328	0.0283	-0.0281	-0.0510	-0.0153	-0.0333	-0.0215	-0.0373	-0.0180	0.0260	0.0000	0.0220
GTEX-11ZTT-0003-SM-5DWTB	GTEX-11ZTT-0003-SM-5DWTB	-0.0188	0.0097	0.0187	-0.0673	-0.0517	0.0161	0.0144	0.0093	-0.0082	0.0027	-0.0110	-0.0777	0.0033	0.0142	-0.0017	0.0395	-0.0114	-0.0121	0.0082	-0.0191
GTEX-11ZU8-0001-SM-5DWTC	GTEX-11ZU8-0001-SM-5DWTC	-0.0216	-0.0063	0.0565	0.1555	0.0812	0.0251	0.0193	-0.0376	-0.0022	0.0285	-0.0124	0.0027	0.0482	-0.0426	-0.0468	-0.0295	0.0352	0.0692	0.0285	0.0439
GTEX-11ZUS-0003-SM-5DWTA	GTEX-11ZUS-0003-SM-5DWTA	-0.0207	0.0032	-0.0309	-0.0133	-0.0151	-0.0153	0.0185	0.0246	0.0209	0.0042	0.0154	0.0379	0.0162	0.0528	0.0356	0.0220	0.0132	-0.0540	-0.0044	-0.0337
GTEX-11ZVC-0004-SM-5DWTH	GTEX-11ZVC-0004-SM-5DWTH	-0.0203	0.0030	0.0128	0.1657	0.0570	0.0202	0.0356	-0.0236	0.0319	0.0153	0.0022	-0.0025	-0.0423	0.0110	-0.0392	-0.0256	-0.0275	0.0125	0.0280	0.0317
GTEX-12KS4-0003-SM-5DWRE	GTEX-12KS4-0003-SM-5DWRE	-0.0159	0.0016	-0.0938	-0.0720	-0.0033	-0.0084	0.0148	-0.0104	-0.0107	-0.0159	-0.0242	0.0024	-0.0397	0.0463	-0.0337	0.0141	0.0354	0.0593	-0.0020	0.0045
GTEX-12WSA-0001-SM-5DWRG	GTEX-12WSA-0001-SM-5DWRG	-0.0219	-0.0068	0.0533	0.1355	0.0631	0.0022	0.0098	0.0017	0.0096	0.0316	-0.0521	0.0394	-0.0051	0.0184	-0.0661	-0.0192	0.0100	-0.0516	-0.0532	-0.0095
GTEX-12WSC-0001-SM-5DWRP	GTEX-12WSC-0001-SM-5DWRP	-0.0212	0.0024	0.0025	-0.0235	-0.0359	0.0209	0.0198	0.0171	-0.0363	0.0026	0.0216	-0.0364	0.0530	0.0539	-0.0080	0.0161	-0.0028	0.0200	-0.0159	-0.0158
GTEX-12WSD-0002-SM-5DWRK	GTEX-12WSD-0002-SM-5DWRK	0.1297	0.0214	-0.0052	0.0299	0.0034	-0.0491	-0.0225	0.0977	0.0073	0.0055	-0.1278	-0.1345	-0.0548	0.0429	-0.1321	-0.0238	-0.1045	-0.1055	0.0260	-0.0569
GTEX-12WSE-0002-SM-5DWRT	GTEX-12WSE-0002-SM-5DWRT	-0.0222	0.0069	0.0043	-0.0263	0.0324	0.0124	0.0231	0.0059	0.0388	0.0032	0.0179	-0.0081	-0.0242	-0.0528	-0.0136	-0.0008	-0.0563	0.0353	0.0147	-0.0326
GTEX-12WSF-0002-SM-5DWRS	GTEX-12WSF-0002-SM-5DWRS	-0.0221	0.0136	0.0200	-0.0145	-0.0197	0.0001	0.0077	-0.0348	0.0084	-0.0253	0.0637	-0.0483	-0.0192	-0.0216	-0.0287	-0.0274	-0.0404	-0.0016	0.0134	-0.0212
GTEX-12WSG-0001-SM-5DWRF	GTEX-12WSG-0001-SM-5DWRF	-0.0207	0.0055	0.0109	0.0385	-0.0162	0.0185	-0.0351	0.0163	-0.0468	0.0138	0.0095	-0.0110	-0.0026	-0.0358	0.0218	0.0260	0.0320	-0.0417	-0.0012	-0.0339
GTEX-12WSH-0001-SM-5DWRM	GTEX-12WSH-0001-SM-5DWRM	-0.0210	0.0071	-0.0196	-0.0065	0.0281	-0.0058	-0.0299	0.0342	-0.0209	-0.0014	-0.0269	-0.0264	-0.0430	0.0032	0.0253	-0.0013	-0.0287	-0.0397	-0.0209	-0.0090
GTEX-12WSI-0004-SM-5DWRW	GTEX-12WSI-0004-SM-5DWRW	-0.0223	0.0093	0.0271	-0.0648	-0.0605	-0.0018	-0.0115	-0.0073	-0.0248	-0.0093	-0.0052	-0.0289	0.0028	-0.0279	0.0156	0.0159	-0.0620	0.0586	-0.0200	-0.0390
GTEX-12WSJ-0003-SM-5DWRN	GTEX-12WSJ-0003-SM-5DWRN	-0.0204	0.0102	-0.0159	0.0128	-0.0001	0.0379	0.0039	0.0301	0.0001	-0.0026	-0.0220	-0.0042	0.0212	-0.0283	-0.0797	-0.0178	0.0190	0.0111	0.0352	0.0214
GTEX-12WSK-0003-SM-5DWRQ	GTEX-12WSK-0003-SM-5DWRQ	-0.0204	0.0023	0.0325	-0.0176	-0.0019	0.0048	0.0433	-0.0268	-0.0198	-0.0283	-0.0476	-0.0019	0.0178	0.0236	0.0477	-0.0422	0.0289	-0.0326	-0.0104	0.0070
GTEX-12WSL-0003-SM-5DWRL	GTEX-12WSL-0003-SM-5DWRL	-0.0207	0.0115	0.0144	-0.0262	-0.0181	-0.0282	-0.0286	0.0067	0.0306	-0.0410	-0.0011	-0.0072	0.0101	-0.0247	0.0295	-0.0148	0.0722	-0.0281	0.0167	-0.0161
GTEX-12WSM-0001-SM-5DWS1	GTEX-12WSM-0001-SM-5DWS1	-0.0218	0.0028	0.0204	-0.0322	0.0090	0.0201	0.0061	-0.0521	-0.0186	-0.0321	0.0160	0.0254	-0.0138	0.0181	-0.0038	0.0202	0.0268	-0.0077	0.0181	-0.0023
GTEX-12WSN-0004-SM-5DWRZ	GTEX-12WSN-0004-SM-5DWRZ	-0.0221	-0.0038	0.0196	-0.0231	0.0119	-0.0203	-0.0284	-0.0475	-0.0133	-0.0259	0.0210	-0.0122	0.0128	-0.0361	-0.0224	-0.0115	-0.0158	0.0256	-0.0029	-0.0106
GTEX-12ZZW-0003-SM-5DWRO	GTEX-12ZZW-0003-SM-5DWRO	-0.0205	0.0097	-0.0138	-0.0094	-0.0018	0.0063	-0.0084	-0.0154	0.0280	-0.0143	0.0158	0.0358	0.0795	-0.0174	-0.0164	0.0243	-0.0081	-0.0317	0.0602	0.0301
GTEX-12ZZX-0001-SM-5DWRR	GTEX-12ZZX-0001-SM-5DWRR	-0.0106	-0.1344	0.0568	-0.1124	0.1277	0.1413	-0.0110	0.0311	0.0137	0.0082	0.0246	-0.0022	0.0507	0.0139	0.0202	-0.0306	0.0677	-0.0527	0.0639	-0.0226
GTEX-12ZZY-0004-SM-5DWRV	GTEX-12ZZY-0004-SM-5DWRV	-0.0202	0.0031	0.0019	0.0523	0.0343	-0.0082	0.0132	0.0459	-0.0073	-0.0125	-0.0330	0.0075	0.0103	0.0501	0.0100	-0.0055	0.0699	-0.0210	0.0061	0.0360
GTEX-12ZZZ-0002-SM-5DWRU	GTEX-12ZZZ-0002-SM-5DWRU	-0.0215	0.0044	0.0231	-0.0171	-0.0255	-0.0287	-0.0056	-0.0218	0.0084	0.0488	0.0137	0.0393	-0.0437	-0.0027	-0.0363	-0.0111	0.0433	0.0381	0.0036	-0.0187
GTEX-13CF2-0004-SM-5HJPZ	GTEX-13CF2-0004-SM-5HJPZ	-0.0202	-0.0159	-0.0134	0.0049	0.0085	0.0191	-0.0211	-0.0070	-0.0240	-0.0153	0.0098	-0.0051	0.0037	-0.0173	-0.0125	-0.0015	-0.0056	0.0845	0.0239	0.0325
GTEX-13CF3-0004-SM-5HJRC	GTEX-13CF3-0004-SM-5HJRC	-0.0226	0.0065	0.0519	0.1330	0.0856	-0.0028	-0.0323	0.0063	-0.0085	0.0338	0.0588	0.0179	-0.0006	-0.0255	-0.0291	0.0043	0.0511	0.0107	0.0460	0.0491
GTEX-13CIG-0004-SM-5HJRO	GTEX-13CIG-0004-SM-5HJRO	-0.0222	0.0120	0.0327	-0.0376	-0.0013	-0.0030	-0.0110	0.0188	-0.0224	0.0035	-0.0360	-0.0119	-0.0170	-0.0118	0.0070	0.0013	0.0491	0.0103	-0.0274	0.0146
GTEX-13CZU-0003-SM-5HJRM_1	GTEX-13CZU-0003-SM-5HJRM_1	-0.0220	0.0115	0.0179	-0.0395	0.0137	0.0165	-0.0393	0.0025	0.0086	0.0267	-0.0028	-0.0022	-0.0075	-0.0180	0.0257	-0.0332	-0.0133	-0.0009	-0.0191	-0.0503
GTEX-13CZV-0003-SM-5HJPB	GTEX-13CZV-0003-SM-5HJPB	-0.0211	0.0050	-0.0018	0.0262	0.0221	0.0026	-0.0460	-0.0071	-0.0202	-0.0080	-0.0599	-0.0356	-0.0257	-0.0279	0.0218	-0.0275	-0.0204	0.0044	-0.0395	-0.0035
GTEX-13D11-0003-SM-5HJQR	GTEX-13D11-0003-SM-5HJQR	-0.0200	0.0061	0.0147	-0.0005	-0.0024	0.0316	0.0103	-0.0079	0.0724	-0.0069	-0.0040	-0.0181	0.0303	-0.0074	0.0017	-0.0080	0.0225	0.0101	-0.0384	-0.0213
GTEX-13FH7-0004-SM-5HJPL	GTEX-13FH7-0004-SM-5HJPL	-0.0218	0.0003	-0.0110	0.0128	-0.0213	0.0315	-0.0178	-0.0008	0.0114	0.0031	-0.0292	0.0039	-0.0251	-0.0118	-0.0255	-0.0502	-0.0038	-0.0390	0.0305	0.0072
GTEX-13FHO-0003-SM-5HJQE	GTEX-13FHO-0003-SM-5HJQE	-0.0203	0.0058	-0.0108	-0.0276	-0.0069	-0.0060	0.0018	-0.0082	0.0194	-0.0075	0.0300	0.0372	-0.0332	-0.0206	-0.0023	-0.0065	0.0426	0.0454	-0.0081	-0.0135
GTEX-13FHP-0004-SM-5HJPM	GTEX-13FHP-0004-SM-5HJPM	0.1121	0.0147	0.0156	-0.0319	-0.0795	0.0046	-0.0234	-0.1381	-0.1781	0.0635	0.1314	-0.0919	0.2064	0.0285	-0.0364	-0.1524	0.0582	-0.0896	0.0138	0.0320
GTEX-13FLV-0004-SM-5HJRE	GTEX-13FLV-0004-SM-5HJRE	-0.0215	0.0049	-0.0185	0.0183	-0.0330	-0.0108	-0.0237	0.0291	0.0469	0.0218	-0.0025	0.0410	-0.0257	-0.0290	-0.0149	0.0271	-0.0070	0.0167	-0.0222	-0.0850
GTEX-13FLW-0003-SM-5HJRA	GTEX-13FLW-0003-SM-5HJRA	0.1074	0.0195	0.0035	-0.0350	0.0616	-0.0733	0.3190	-0.0012	0.0607	-0.0347	0.0056	0.2084	-0.0558	-0.1756	-0.1815	-0.0908	0.0089	0.3459	-0.1098	0.0150
GTEX-13FTW-0003-SM-5HJRT	GTEX-13FTW-0003-SM-5HJRT	-0.0175	0.0022	-0.0958	0.0195	-0.0330	-0.0410	0.0070	0.0260	-0.0341	-0.0412	0.0002	0.0166	0.0270	0.0396	-0.0207	0.0553	0.0233	0.0048	0.0909	-0.0635
GTEX-13FTX-0004-SM-5HJQL	GTEX-13FTX-0004-SM-5HJQL	-0.0220	0.0103	-0.0006	-0.0251	-0.0247	-0.0392	-0.0372	-0.0033	0.0548	0.0049	-0.0451	0.0338	0.0365	-0.0534	-0.0228	0.0027	0.0103	0.0394	0.0151	-0.0418
GTEX-13FTY-0004-SM-5HJQG	GTEX-13FTY-0004-SM-5HJQG	-0.0216	0.0010	-0.0046	-0.0105	-0.0235	-0.0161	0.0089	0.0599	-0.0123	0.0055	0.0277	-0.0273	-0.0299	0.0132	0.0247	0.0029	0.0104	-0.0424	-0.0578	0.0630
GTEX-13FTZ-0004-SM-5HJPA	GTEX-13FTZ-0004-SM-5HJPA	-0.0197	0.0028	0.0047	-0.0192	-0.0371	0.0237	0.0262	0.0266	-0.0530	0.0034	-0.0428	-0.0020	-0.0147	0.0401	-0.0061	0.0104	-0.0173	0.0135	-0.0221	-0.0350
GTEX-13FXS-0004-SM-5HJPR	GTEX-13FXS-0004-SM-5HJPR	0.1214	0.0019	0.0088	0.0194	0.1161	-0.0628	0.0249	0.0327	-0.0963	-0.1638	-0.0625	-0.0635	0.0189	0.1585	-0.0503	0.0079	-0.0158	-0.0050	0.1190	-0.0099
GTEX-13G51-0004-SM-5HJPG	GTEX-13G51-0004-SM-5HJPG	-0.0212	0.0025	-0.0080	0.0012	0.0217	0.0208	-0.0040	0.0178	-0.0052	-0.0266	0.0598	0.0460	0.0117	0.0233	0.0325	0.0099	-0.0391	-0.0203	-0.0190	-0.0082
GTEX-13IVO-0004-SM-5HJQQ	GTEX-13IVO-0004-SM-5HJQQ	-0.0232	0.0001	0.0726	0.1395	0.0733	0.0740	-0.0210	0.0048	-0.0265	0.0091	0.0231	-0.0064	0.0014	0.0078	-0.0041	0.0121	0.0301	-0.0102	0.0498	0.0084
GTEX-13JUV-0001-SM-5HJPQ	GTEX-13JUV-0001-SM-5HJPQ	0.1161	-0.0059	0.0124	0.0046	0.0167	0.0452	0.0732	0.0809	0.0216	-0.0519	-0.0711	-0.0263	-0.0114	-0.0159	-0.0341	0.0588	0.1501	0.0239	-0.0985	-0.0054
GTEX-13JVG-0003-SM-5HJQ2	GTEX-13JVG-0003-SM-5HJQ2	-0.0206	0.0065	0.0380	-0.0269	-0.0339	-0.0037	-0.0152	0.0072	-0.0114	-0.0014	-0.0221	-0.0090	-0.0022	0.0210	0.0244	-0.0116	0.0316	0.0261	-0.0055	-0.0219
GTEX-13N1W-0002-SM-5HJR2	GTEX-13N1W-0002-SM-5HJR2	-0.0207	0.0032	-0.0158	0.0672	0.0461	0.0245	-0.0189	0.0399	0.0041	0.0291	0.0243	-0.0036	0.0006	0.0109	-0.0338	0.0273	-0.0495	0.0383	-0.0145	0.0417
GTEX-13N2G-0001-SM-5HJQA	GTEX-13N2G-0001-SM-5HJQA	-0.0210	0.0131	0.0098	-0.0216	0.0012	-0.0117	0.0037	0.0085	0.0238	0.0384	0.0181	-0.0088	-0.0119	0.0015	-0.0034	-0.0050	0.0236	0.0434	0.0262	-0.0261
GTEX-13N11-0003-SM-5HJQF	GTEX-13N11-0003-SM-5HJQF	0.1151	0.0024	-0.0016	-0.0327	0.1017	0.0104	-0.0571	-0.0828	-0.0497	0.0703	0.0401	-0.0315	0.1810	-0.2162	-0.0014	0.1303	-0.0348	0.0020	0.0293	-0.0054
GTEX-13NYB-0004-SM-5HJQP	GTEX-13NYB-0004-SM-5HJQP	0.1132	0.0132	0.0099	-0.0338	0.0036	-0.0709	0.1566	0.0351	0.0087	-0.0102	-0.1339	0.0909	-0.0118	0.0141	0.0014	0.0463	-0.0594	-0.0728	0.0884	0.0540
GTEX-13NYC-0004-SM-5HJQD	GTEX-13NYC-0004-SM-5HJQD	-0.0197	0.0002	-0.0680	-0.0244	-0.0156	0.0373	-0.0249	-0.0413	-0.0143	-0.0281	0.0130	0.0392	-0.0103	-0.0346	0.0345	-0.0275	0.0010	0.0565	0.0149	0.0349
GTEX-13NYS-0003-SM-5HJPP	GTEX-13NYS-0003-SM-5HJPP	-0.0216	0.0080	0.0565	0.0190	-0.0028	-0.0161	-0.0330	-0.0052	-0.0083	-0.0173	0.0234	-0.0259	0.0082	0.0003	-0.0220	-0.0215	0.0367	0.0204	0.0316	-0.0083
GTEX-13NZ8-0004-SM-5HJPC	GTEX-13NZ8-0004-SM-5HJPC	-0.0215	0.0001	0.0263	0.0696	0.0446	0.0209	0.0280	-0.0115	0.0191	0.0351	0.0404	-0.0255	-0.0143	0.0139	0.0448	0.0223	-0.0281	0.0076	0.0066	-0.0053
GTEX-13NZA-0003-SM-5HJQ4	GTEX-13NZA-0003-SM-5HJQ4	-0.0218	0.0061	0.0394	-0.0302	-0.0308	-0.0261	0.0042	-0.0003	-0.0113	-0.0361	-0.0010	0.0023	-0.0229	0.0285	-0.0178	0.0086	-0.0284	-0.0134	-0.0370	-0.0063
GTEX-13NZB-0004-SM-5HJRG	GTEX-13NZB-0004-SM-5HJRG	-0.0214	0.0079	0.0154	-0.0094	-0.0327	0.0330	0.0184	0.0364	-0.0325	0.0114	-0.0300	-0.0168	-0.0006	0.0270	-0.0061	0.0130	-0.0397	0.0679	0.0347	0.0087
GTEX-13O1R-0002-SM-5HJP9	GTEX-13O1R-0002-SM-5HJP9	-0.0205	0.0106	-0.0143	-0.0091	0.0027	0.0279	-0.0059	-0.0021	0.0150	0.0278	0.0215	-0.0373	-0.0006	-0.0107	-0.0053	-0.0492	-0.0256	0.0368	-0.0444	-0.0445
GTEX-13O3O-0003-SM-5HJQ9_1	GTEX-13O3O-0003-SM-5HJQ9_1	-0.0217	0.0055	-0.0040	0.0213	-0.0049	0.0142	0.0147	-0.0084	-0.0271	-0.0265	0.0671	0.0199	-0.0481	-0.0180	0.0133	0.0305	-0.0180	-0.0323	0.0422	-0.0135
GTEX-13O3P-0003-SM-5HJPJ	GTEX-13O3P-0003-SM-5HJPJ	-0.0217	0.0042	0.0436	-0.0623	-0.0242	-0.0464	0.0090	0.0367	0.0172	0.0077	0.0239	0.0882	0.0356	-0.0129	0.0131	-0.0566	-0.0407	-0.0281	0.0014	-0.0128
GTEX-13O3Q-0003-SM-5HJQV	GTEX-13O3Q-0003-SM-5HJQV	-0.0215	-0.0014	0.0251	-0.0139	-0.0132	-0.0141	0.0317	0.0114	0.0233	0.0117	0.0401	0.0069	-0.0001	-0.0043	0.0270	-0.0054	-0.0217	-0.0375	0.0177	-0.0005
GTEX-13O21-0003-SM-5HJPF	GTEX-13O21-0003-SM-5HJPF	-0.0214	0.0086	-0.0062	-0.0278	-0.0114	0.0037	-0.0472	0.0349	-0.0022	-0.0122	-0.0156	-0.0089	0.0114	-0.0141	0.0067	-0.0134	-0.0007	0.0338	0.0189	-0.0352
GTEX-13O61-0003-SM-5HJRK	GTEX-13O61-0003-SM-5HJRK	0.0271	-0.0949	-0.0521	-0.1551	0.1247	0.0942	-0.0163	0.0050	-0.0089	-0.0055	0.0020	0.0037	0.0058	0.0130	-0.0282	0.1446	0.0992	-0.1232	0.0100	0.1011
GTEX-13OVG-0003-SM-5HJR9	GTEX-13OVG-0003-SM-5HJR9	-0.0221	0.0098	-0.0114	-0.0146	-0.0426	0.0141	-0.0228	0.0131	-0.0192	-0.0046	-0.0010	-0.0021	0.0671	-0.0166	0.0222	-0.0370	-0.0408	0.0081	0.0155	-0.0225
GTEX-13OVH-0003-SM-5HJPW_1	GTEX-13OVH-0003-SM-5HJPW_1	-0.0223	-0.0025	0.0460	0.0081	-0.0172	-0.0154	0.0257	-0.0115	0.0058	0.0048	0.0190	-0.0153	-0.0313	-0.0309	-0.0432	-0.0157	0.0337	-0.0437	0.0341	-0.0241
GTEX-13OVI-0003-SM-5HJQK	GTEX-13OVI-0003-SM-5HJQK	0.1081	0.0146	-0.0075	-0.0221	0.0272	0.1625	0.0460	-0.0829	0.1389	0.0121	-0.0515	-0.1297	0.1588	0.1506	-0.0803	-0.0780	-0.0357	0.0032	-0.0345	0.0965
GTEX-13OVJ-0001-SM-5HJR8	GTEX-13OVJ-0001-SM-5HJR8	-0.0208	0.0084	0.0002	-0.0388	-0.0166	-0.0147	-0.0286	0.0170	0.0083	0.0260	0.0332	0.0414	0.0212	-0.0588	0.0406	-0.0226	0.0388	-0.0404	0.0172	0.0186
GTEX-13OVK-0001-SM-5HJQJ	GTEX-13OVK-0001-SM-5HJQJ	-0.0196	-0.0034	-0.0146	0.0407	0.0306	0.0098	-0.0101	-0.0332	-0.0019	-0.0060	0.0012	0.0576	-0.0245	0.0148	-0.0376	0.0035	-0.0189	0.0389	-0.0540	0.0277
GTEX-13OVL-0003-SM-5HJRX	GTEX-13OVL-0003-SM-5HJRX	-0.0220	0.0121	0.0288	-0.0022	-0.0376	-0.0404	0.0221	0.0059	0.0320	0.0271	0.0306	-0.0091	-0.0075	0.0469	0.0276	-0.0226	-0.0627	0.0188	0.0160	-0.0039
GTEX-13OW5-0003-SM-5HJQ7	GTEX-13OW5-0003-SM-5HJQ7	-0.0210	0.0146	0.0099	0.0066	0.0026	0.0045	-0.0059	-0.0010	0.0260	0.0300	-0.0034	-0.0168	0.0159	-0.0356	-0.0300	0.0156	-0.0275	0.0280	-0.0172	-0.0165
GTEX-13OW6-0002-SM-5HJPU	GTEX-13OW6-0002-SM-5HJPU	-0.0217	0.0138	0.0268	-0.0085	-0.0239	-0.0056	-0.0071	0.0072	0.0048	0.0231	0.0446	0.0332	-0.0317	-0.0325	-0.0381	0.0425	-0.0356	-0.0071	0.0114	0.0103
GTEX-13OW7-0001-SM-5HJRV	GTEX-13OW7-0001-SM-5HJRV	-0.0219	0.0063	0.0337	-0.0360	-0.0746	-0.0163	-0.0127	-0.0350	0.0015	-0.0281	-0.0556	0.0330	-0.0196	0.0062	-0.0164	0.0043	0.0190	-0.0159	-0.0157	0.0059
GTEX-13OW8-0002-SM-5HJQX_1	GTEX-13OW8-0002-SM-5HJQX_1	-0.0207	0.0041	-0.0118	-0.0260	-0.0157	-0.0055	0.0054	0.0218	-0.0373	0.0361	0.0371	0.0129	-0.0383	0.0230	-0.0197	-0.0219	-0.0287	0.0230	-0.0677	-0.0002
GTEX-13PL6-0002-SM-5HJPV	GTEX-13PL6-0002-SM-5HJPV	-0.0066	-0.0579	-0.0222	-0.0763	0.0507	0.0199	-0.0043	-0.0494	0.0295	0.0155	0.0058	0.0227	-0.0193	0.0254	0.0283	-0.0958	-0.0353	-0.0470	0.0666	-0.0435
GTEX-13PL7-0003-SM-5HJRW	GTEX-13PL7-0003-SM-5HJRW	-0.0224	-0.0014	0.0520	0.1178	0.0865	-0.0021	-0.0034	-0.0089	0.0140	-0.0052	-0.0382	0.0259	0.0075	-0.0090	0.0206	-0.0051	0.0162	0.0027	0.0473	0.0210
GTEX-13PLJ-0003-SM-5HJPK	GTEX-13PLJ-0003-SM-5HJPK	-0.0234	0.0135	0.0282	-0.0505	-0.0509	0.0054	-0.0166	0.0035	-0.0008	-0.0504	-0.0107	0.0022	-0.0010	-0.0091	-0.0352	0.0120	0.0398	0.0056	0.0111	-0.0274
GTEX-13QBU-0003-SM-5HJRN_1	GTEX-13QBU-0003-SM-5HJRN_1	-0.0219	0.0039	-0.0153	0.0078	-0.0254	-0.0307	0.0190	0.0127	-0.0319	-0.0097	-0.0180	-0.0161	0.0342	0.0163	0.0262	0.0476	0.0381	0.0216	0.0378	0.0273
GTEX-13QIC-0004-SM-5HJR4	GTEX-13QIC-0004-SM-5HJR4	-0.0173	-0.0043	-0.0631	0.0908	0.0415	0.0079	0.0024	0.0408	0.0111	0.0120	-0.0622	-0.0206	-0.0462	0.0035	-0.0074	0.0054	0.0394	0.0064	0.0248	-0.0266
GTEX-13QJ3-0002-SM-5HJRS_1	GTEX-13QJ3-0002-SM-5HJRS_1	-0.0185	0.0078	0.0055	-0.0305	0.0027	-0.0316	-0.0106	0.0418	-0.0034	0.0120	0.0260	0.0097	-0.0336	-0.0309	-0.0261	-0.0178	-0.0316	0.0504	0.0069	0.0212
GTEX-13QJC-0003-SM-5HJQ8	GTEX-13QJC-0003-SM-5HJQ8	-0.0200	0.0045	-0.0257	-0.0149	-0.0054	0.0196	0.0150	-0.0059	-0.0053	-0.0238	-0.0189	-0.0413	0.0002	-0.0100	0.0076	0.0538	0.0529	-0.0437	0.0357	0.0183
GTEX-13RTJ-0003-SM-5HJQ6	GTEX-13RTJ-0003-SM-5HJQ6	-0.0216	-0.0003	0.0219	0.0347	0.0125	-0.0411	-0.0212	-0.0001	0.0141	-0.0017	-0.0006	0.0385	0.0143	-0.0006	-0.0068	-0.0045	0.0244	-0.0434	0.0147	0.0128
GTEX-13RTK-0003-SM-5HJRF	GTEX-13RTK-0003-SM-5HJRF	-0.0182	-0.0124	0.0321	0.0363	0.0534	0.0171	0.0077	0.0156	-0.0082	-0.0132	0.0378	-0.0045	0.0067	0.0339	0.0086	-0.0278	-0.0551	-0.0316	-0.0131	-0.0090
GTEX-13S7M-0003-SM-5HJRR	GTEX-13S7M-0003-SM-5HJRR	-0.0217	-0.0110	0.0431	0.1633	0.0580	0.0232	-0.0020	-0.0210	0.0088	0.0128	0.0244	0.0397	0.0339	0.0071	-0.0620	0.0148	0.0224	-0.0098	-0.0024	0.0139
GTEX-13S86-0003-SM-5HJPD	GTEX-13S86-0003-SM-5HJPD	-0.0213	0.0014	0.0094	-0.0088	0.0080	-0.0222	0.0178	-0.0103	0.0052	-0.0010	-0.0044	-0.0268	0.0196	0.0027	0.0238	0.0069	-0.0320	-0.0147	0.0267	0.0133
GTEX-13SLW-0003-SM-5HJRH	GTEX-13SLW-0003-SM-5HJRH	-0.0200	0.0109	-0.0128	0.0209	0.0254	-0.0326	-0.0034	-0.0109	0.0198	0.0006	0.0577	-0.0139	0.0310	-0.0209	0.0450	0.0212	0.0152	0.0458	0.0282	-0.0264
GTEX-13SLX-0003-SM-5HJPY	GTEX-13SLX-0003-SM-5HJPY	0.1041	0.0063	0.0340	0.0649	-0.0992	0.0397	0.0349	0.1842	-0.0536	0.0433	-0.0046	-0.0210	0.2530	0.0012	0.0336	-0.0713	-0.0802	0.0903	0.0414	0.0230
GTEX-13U4I-0004-SM-5HJPX	GTEX-13U4I-0004-SM-5HJPX	-0.0222	0.0073	0.0084	-0.0101	0.0166	0.0002	0.0148	-0.0160	0.0262	0.0297	0.0318	0.0272	-0.0227	-0.0185	-0.0303	0.0365	0.0030	0.0397	0.0332	-0.0112
GTEX-13VXT-0003-SM-5HJR7	GTEX-13VXT-0003-SM-5HJR7	0.1053	0.0097	-0.0115	0.0076	0.0707	-0.0279	0.2313	-0.0846	0.0179	0.1632	0.0328	-0.0945	-0.0737	-0.0199	0.1357	-0.0039	-0.0385	-0.0773	-0.1036	0.0861
GTEX-13VXU-0004-SM-5HJQS	GTEX-13VXU-0004-SM-5HJQS	-0.0199	0.0043	0.0196	-0.0030	-0.0065	-0.0383	-0.0122	-0.0061	0.0046	0.0063	-0.0097	-0.0105	-0.0305	0.0441	0.0098	0.0585	-0.0221	0.0409	-0.0566	0.0107
GTEX-13W3W-0004-SM-5HJPI	GTEX-13W3W-0004-SM-5HJPI	-0.0216	0.0099	0.0033	-0.0239	-0.0150	-0.0453	-0.0160	-0.0318	0.0184	-0.0013	0.0462	-0.0180	0.0547	-0.0048	-0.0167	0.0227	0.0038	0.0106	0.0109	-0.0005
GTEX-13W46-0003-SM-5HJPN	GTEX-13W46-0003-SM-5HJPN	-0.0202	-0.0056	0.0210	-0.0226	-0.0020	-0.0277	-0.0090	-0.0207	0.0018	0.0274	0.0134	0.0435	0.0643	-0.0257	0.0126	0.0028	-0.0035	0.0019	-0.0150	-0.0596
GTEX-13X6H-0001-SM-5HJR3	GTEX-13X6H-0001-SM-5HJR3	-0.0209	0.0166	0.0271	-0.0123	-0.0358	0.0036	0.0112	0.0057	0.0275	-0.0323	0.0213	0.0143	0.0243	0.0079	-0.0009	-0.0342	0.0162	-0.0144	0.0161	-0.0464
GTEX-13X6I-0002-SM-5HJQC	GTEX-13X6I-0002-SM-5HJQC	-0.0219	0.0148	0.0204	-0.0324	-0.0553	-0.0177	-0.0117	0.0036	0.0094	-0.0082	-0.0257	-0.0039	-0.0115	-0.0081	0.0116	-0.0020	0.0278	0.0063	0.0027	0.0314
GTEX-13X6J-0002-SM-5HJRQ_1	GTEX-13X6J-0002-SM-5HJRQ_1	-0.0159	-0.0036	-0.1116	0.0141	0.0084	0.0007	0.0156	0.0173	0.0064	-0.0225	0.0111	0.0666	0.0353	0.0151	0.0117	-0.0183	0.0224	-0.0262	0.0475	-0.0583
GTEX-13X6K-0003-SM-5HJPO	GTEX-13X6K-0003-SM-5HJPO	-0.0213	0.0113	0.0205	-0.0111	-0.0310	0.0067	-0.0372	0.0175	-0.0316	-0.0014	-0.0501	0.0150	0.0356	-0.0129	-0.0067	-0.0339	0.0078	-0.0194	-0.0022	-0.0389
GTEX-111CU-0003-SM-5DWTR	GTEX-111CU-0003-SM-5DWTR	-0.0180	0.0010	0.0060	-0.0192	-0.0175	0.0398	-0.0275	0.0127	-0.0236	0.0149	-0.0042	0.0381	-0.0094	0.0650	0.0721	-0.0542	-0.0159	0.0683	-0.0167	0.0119
GTEX-111FC-0001-SM-5DWSO	GTEX-111FC-0001-SM-5DWSO	-0.0156	0.0168	0.0100	-0.0535	-0.0351	0.0014	0.0090	0.0425	0.0197	-0.0233	0.0168	-0.0508	0.0221	0.0301	-0.0052	-0.0318	0.0172	-0.0621	-0.0068	-0.0430
GTEX-111VG-0004-SM-5DWSX	GTEX-111VG-0004-SM-5DWSX	-0.0197	0.0108	0.0041	0.0213	0.0415	-0.0135	-0.0378	0.0140	-0.0262	-0.0138	-0.0339	-0.0014	0.0281	-0.0037	-0.0120	-0.0298	0.0312	0.0127	0.0095	-0.0413
GTEX-111YS-0004-SM-5DWSS	GTEX-111YS-0004-SM-5DWSS	-0.0215	0.0130	0.0081	0.0051	-0.0061	0.0133	0.0316	-0.0262	-0.0086	-0.0314	0.0164	0.0059	-0.0055	0.0115	-0.0070	0.0298	-0.0340	0.0129	-0.0003	0.0142
GTEX-113IC-0001-SM-5DWSI	GTEX-113IC-0001-SM-5DWSI	0.0878	-0.0079	0.0133	-0.0507	0.1615	-0.1503	0.1901	0.1317	-0.0417	-0.1075	-0.0701	-0.0297	-0.0249	-0.2074	0.2609	-0.0385	-0.0039	-0.1903	0.0949	-0.1353
GTEX-113JC-0001-SM-5DWSH	GTEX-113JC-0001-SM-5DWSH	-0.0152	-0.0058	-0.0100	-0.0997	0.0445	0.0230	0.0522	0.0213	0.0097	0.0016	-0.0054	0.0092	-0.0072	-0.0319	0.0372	-0.0318	0.0383	0.0202	0.0209	0.0240
GTEX-117XS-0001-SM-5DWSE	GTEX-117XS-0001-SM-5DWSE	-0.0206	0.0011	-0.0233	0.0040	-0.0192	0.0105	-0.0296	-0.0143	0.0181	-0.0040	-0.0144	-0.0043	0.0020	0.0554	0.0039	-0.0186	-0.0428	0.0124	-0.0267	0.0174
GTEX-117YW-0003-SM-5DWRD	GTEX-117YW-0003-SM-5DWRD	-0.0166	-0.0019	-0.1010	0.0299	-0.0321	-0.0165	0.0068	0.0581	0.0128	0.0054	0.0057	0.0433	0.0194	-0.0291	-0.0753	-0.0283	-0.0321	-0.0226	-0.0043	0.0399
GTEX-133LE-0001-SM-5DWRY	GTEX-133LE-0001-SM-5DWRY	-0.0200	-0.0171	0.0196	-0.0087	0.0027	0.0271	-0.0056	-0.0091	0.0301	-0.0530	-0.0221	0.0140	-0.0003	0.0488	0.0373	-0.0146	-0.0369	0.0412	0.0084	-0.0040
GTEX-139T6-0004-SM-5HJQN	GTEX-139T6-0004-SM-5HJQN	-0.0193	0.0081	-0.0109	-0.0524	-0.0151	-0.0106	-0.0125	-0.0230	0.0061	-0.0121	-0.0062	0.0211	-0.0537	-0.0296	0.0042	-0.0102	0.0102	0.0028	0.0260	-0.0345
GTEX-139T8-0004-SM-5HJPE	GTEX-139T8-0004-SM-5HJPE	-0.0220	0.0088	0.0010	-0.0521	-0.0507	-0.0051	0.0112	0.0076	-0.0184	-0.0372	0.0051	-0.0237	0.0008	-0.0030	-0.0304	0.0080	-0.0351	0.0275	-0.0163	0.0512
GTEX-139TS-0003-SM-5HJR1	GTEX-139TS-0003-SM-5HJR1	-0.0208	0.0033	0.0252	-0.0001	-0.0151	0.0120	-0.0525	0.0211	0.0166	0.0025	0.0168	0.0040	-0.0161	0.0069	0.0828	0.0024	-0.0673	0.0001	-0.0015	0.0149
GTEX-139TT-0004-SM-5HJQ1	GTEX-139TT-0004-SM-5HJQ1	-0.0217	0.0158	0.0121	-0.0182	-0.0061	0.0160	0.0176	0.0044	0.0085	-0.0437	-0.0389	-0.0683	0.0116	-0.0016	0.0220	-0.0008	0.0347	-0.0097	-0.0386	0.0039
GTEX-139TU-0002-SM-5HJR5	GTEX-139TU-0002-SM-5HJR5	-0.0142	-0.0085	-0.1580	-0.0108	0.0100	-0.0396	0.0177	0.0215	-0.0049	0.0336	-0.0262	0.0298	-0.0213	-0.0486	-0.0260	0.0371	0.0380	-0.0281	0.0456	0.0231
GTEX-139UW-0003-SM-5HJRP	GTEX-139UW-0003-SM-5HJRP	-0.0216	0.0090	0.0115	-0.0141	-0.0364	-0.0035	-0.0331	0.0026	-0.0004	-0.0108	-0.0233	-0.0306	-0.0120	-0.0357	0.0308	0.0155	-0.0225	0.0135	-0.0015	0.0235
GTEX-139YR-0004-SM-5HJRB	GTEX-139YR-0004-SM-5HJRB	-0.0228	0.0087	0.0426	-0.0280	-0.0166	-0.0077	0.0474	-0.0271	-0.0188	-0.0066	0.0080	-0.0054	0.0423	-0.0222	-0.0129	-0.0129	0.0322	0.0145	-0.0097	0.0812
GTEX-145MF-0004-SM-5HJQO	GTEX-145MF-0004-SM-5HJQO	-0.0199	0.0085	-0.0074	-0.0163	-0.0130	-0.0197	-0.0561	-0.0036	-0.0123	-0.0309	-0.0436	0.0226	0.0270	-0.0489	-0.0226	0.0194	-0.0210	0.0425	0.0105	0.0089
GTEX-145MG-0002-SM-5HJQB	GTEX-145MG-0002-SM-5HJQB	0.1106	0.0052	0.0076	0.0038	-0.0668	0.0128	-0.1605	-0.0620	0.2170	0.0284	-0.0606	-0.1833	0.0264	0.0077	-0.0952	-0.0160	-0.0140	-0.1477	-0.0926	-0.0769
GTEX-145MH-0001-SM-5HJR6	GTEX-145MH-0001-SM-5HJR6	-0.0201	-0.0052	-0.0222	0.0459	0.0132	0.0479	-0.0230	-0.0199	-0.0020	-0.0280	0.0078	0.0128	0.0288	-0.0317	-0.0170	-0.0424	-0.0447	0.0739	0.0207	0.0262
GTEX-145MO-0001-SM-5HJRJ	GTEX-145MO-0001-SM-5HJRJ	-0.0204	0.0050	0.0127	-0.0312	-0.0051	0.0036	-0.0064	0.0079	0.0337	-0.0114	-0.0449	-0.0037	0.0376	-0.0304	-0.0270	-0.0187	0.0328	-0.0283	-0.0172	-0.0512
GTEX-1117F-0003-SM-5DWSB	GTEX-1117F-0003-SM-5DWSB	0.1080	0.0121	0.0032	0.0176	-0.0403	0.0495	-0.0353	0.1093	0.1072	0.1118	0.0964	0.0506	0.0890	-0.0108	0.0103	-0.0054	0.0972	-0.0112	-0.1545	-0.1509
GTEX-1122O-0004-SM-5DWSJ	GTEX-1122O-0004-SM-5DWSJ	-0.0205	0.0164	0.0178	-0.0021	0.0050	0.0165	0.0144	-0.0212	0.0075	0.0544	-0.0002	-0.0301	0.0159	-0.0129	0.0084	0.0074	-0.0079	-0.0214	0.0338	-0.0086
GTEX-1128S-0001-SM-5DWTV	GTEX-1128S-0001-SM-5DWTV	-0.0202	0.0106	0.0322	-0.0096	-0.0554	-0.0326	-0.0156	0.0113	-0.0110	-0.0107	0.0119	-0.0256	0.0330	0.0166	0.0252	-0.0508	0.0015	-0.0016	-0.0243	-0.0086
GTEX-1192W-0001-SM-5DWSN	GTEX-1192W-0001-SM-5DWSN	-0.0209	-0.0047	0.0153	0.1289	0.0335	0.0338	-0.0417	-0.0104	0.0256	-0.0132	0.0209	0.0253	-0.0244	0.0020	0.0242	-0.0020	0.0374	0.0193	0.0054	-0.0177
GTEX-1192X-0004-SM-5DWSK	GTEX-1192X-0004-SM-5DWSK	-0.0209	0.0095	0.0108	-0.0066	0.0004	-0.0025	-0.0021	0.0127	0.0220	0.0092	0.0087	-0.0443	0.0032	-0.0183	-0.0183	0.0407	0.0170	-0.0337	0.0207	-0.0311
GTEX-1211K-0003-SM-5DWTL	GTEX-1211K-0003-SM-5DWTL	-0.0210	0.0092	0.0138	-0.0559	-0.0003	-0.0265	0.0264	-0.0073	0.0163	0.0273	-0.0096	-0.0064	0.0125	0.0087	0.0009	0.0152	-0.0172	-0.0257	-0.0054	-0.0237
GTEX-1212Z-0004-SM-5DWTI	GTEX-1212Z-0004-SM-5DWTI	-0.0205	0.0039	0.0042	-0.0164	0.0022	-0.0106	0.0444	0.0173	-0.0090	0.0174	0.0319	-0.0764	-0.0055	-0.0074	-0.0406	-0.0378	0.0340	0.0424	-0.0316	-0.0192
GTEX-1339X-0004-SM-5HJQH	GTEX-1339X-0004-SM-5HJQH	-0.0221	-0.0032	0.0129	-0.0045	0.0094	-0.0250	-0.0015	-0.0057	0.0274	0.0020	0.0390	-0.0326	-0.0199	0.0446	0.0017	0.0246	-0.0108	0.0361	0.0035	-0.0055
GTEX-1399Q-0004-SM-5DWRI	GTEX-1399Q-0004-SM-5DWRI	-0.0204	-0.0010	0.0366	0.0046	-0.0232	0.0463	0.0659	-0.0027	0.0069	-0.0216	-0.0204	0.0187	-0.0111	0.0165	0.0330	-0.0345	0.0435	-0.0567	-0.0281	0.0387
GTEX-1399R-0003-SM-5HJRL_1	GTEX-1399R-0003-SM-5HJRL_1	-0.0224	0.0128	0.0381	0.0765	0.0130	-0.0093	0.0147	-0.0196	-0.0006	0.0076	-0.0078	0.0033	0.0158	0.0008	-0.0071	-0.0547	0.0173	-0.0090	0.0021	0.0317
GTEX-1399T-0004-SM-5HJPS_1	GTEX-1399T-0004-SM-5HJPS_1	-0.0224	0.0028	0.0150	0.0007	0.0395	0.0098	-0.0255	-0.0337	0.0060	0.0025	0.0299	0.0215	0.0039	-0.0082	-0.0084	-0.0722	0.0115	0.0114	-0.0372	0.0050
GTEX-1399U-0004-SM-5HJQ5	GTEX-1399U-0004-SM-5HJQ5	-0.0193	0.0090	-0.0114	-0.0040	-0.0089	-0.0003	0.0269	-0.0022	0.0230	-0.0579	0.0438	-0.0202	-0.0013	0.0060	0.0421	0.0301	-0.0081	-0.0324	0.0360	0.0382
GTEX-12126-0001-SM-5DWTE	GTEX-12126-0001-SM-5DWTE	0.1181	0.0209	0.0039	0.0216	0.0003	0.0024	0.0278	0.0031	0.1488	0.0196	-0.1766	0.0454	0.0969	-0.0120	0.0053	0.0489	0.0356	0.0372	-0.0504	-0.0782
GTEX-12584-0004-SM-5DWTJ	GTEX-12584-0004-SM-5DWTJ	-0.0198	0.0074	-0.0359	-0.0440	-0.0344	0.0158	-0.0231	0.0151	-0.0048	-0.0320	0.0742	0.0271	-0.0210	0.0132	-0.0642	-0.0028	0.0298	-0.0307	0.0392	-0.0584
GTEX-12696-0003-SM-5DWTK	GTEX-12696-0003-SM-5DWTK	-0.0219	0.0178	0.0097	-0.0112	0.0287	0.0005	0.0051	0.0168	-0.0328	-0.0217	0.0353	0.0291	0.0249	0.0104	0.0205	0.0589	-0.0001	-0.0236	0.0357	-0.0026
GTEX-13111-0003-SM-5DWRJ	GTEX-13111-0003-SM-5DWRJ	-0.0108	-0.0493	-0.1495	0.0814	0.0284	-0.0320	0.0179	-0.0311	0.0379	0.0379	0.0143	0.0010	-0.0184	-0.0393	-0.0589	-0.0446	0.0598	0.0521	0.0200	0.0118
GTEX-13112-0004-SM-5DWRX	GTEX-13112-0004-SM-5DWRX	-0.0212	0.0019	0.0252	-0.0035	-0.0128	0.0190	-0.0005	0.0065	0.0542	0.0173	-0.0282	0.0610	-0.0248	0.0059	0.0197	0.0236	0.0565	-0.0257	-0.1174	-0.0032
GTEX-13113-0003-SM-5DWRH	GTEX-13113-0003-SM-5DWRH	0.0846	0.0177	-0.0107	-0.0139	0.0530	0.0998	0.1321	-0.0486	-0.0208	0.0095	0.1049	-0.0436	0.1163	-0.0188	0.1611	0.1220	-0.2188	0.0531	0.1124	-0.0310
GTEX-NL3G-0010-SM-4YUVQ	GTEX-NL3G-0010-SM-4YUVQ	-0.0222	0.0091	0.0196	-0.0257	-0.0143	-0.0206	0.0154	-0.0049	-0.0120	-0.0082	-0.0019	-0.0122	-0.0085	0.0667	-0.0026	-0.0151	-0.0284	-0.0257	-0.0102	0.0116
GTEX-U3ZG-0002-SM-4YUWL_1	GTEX-U3ZG-0002-SM-4YUWL_1	-0.0226	0.0113	0.0620	0.0211	-0.0135	0.0112	-0.0114	-0.0129	-0.0448	-0.0153	-0.0221	0.0027	-0.0085	0.0399	0.0090	0.0067	0.0238	-0.0452	-0.0064	0.0199
GTEX-X88G-0003-SM-4YUXA_1	GTEX-X88G-0003-SM-4YUXA_1	0.1196	0.0142	-0.0058	-0.0274	0.0279	-0.0111	0.1138	-0.0358	-0.0809	-0.0120	0.1169	0.0289	0.1173	0.2073	0.0308	-0.0192	0.0983	-0.0394	-0.1269	0.0818
GTEX-X638-0004-SM-4YUV8_1	GTEX-X638-0004-SM-4YUV8_1	0.1171	0.0111	0.0139	0.0651	-0.0057	0.0579	0.1085	-0.0189	0.0479	-0.2454	-0.1335	-0.0318	-0.0352	0.0507	-0.1216	0.0209	-0.0713	-0.0104	-0.1240	0.0267
GTEX-XBEC-0002-SM-4YUVW_1	GTEX-XBEC-0002-SM-4YUVW_1	-0.0206	0.0083	0.0444	0.0316	0.0327	0.0211	-0.0292	0.0144	0.0199	0.0175	0.0244	-0.0223	-0.0154	0.0173	0.0013	0.0328	0.0347	0.0268	0.0217	0.0550
GTEX-XBEW-0001-SM-4YUVV	GTEX-XBEW-0001-SM-4YUVV	-0.0130	0.0044	-0.1819	-0.0120	0.0184	0.0067	-0.0033	0.0148	0.0222	0.0021	-0.0547	0.0122	-0.0662	0.0062	-0.0272	0.0279	-0.0382	0.0359	0.0053	0.0276
GTEX-XGQ4-0001-SM-4YUVK_1	GTEX-XGQ4-0001-SM-4YUVK_1	-0.0209	0.0056	0.0114	-0.0272	0.0151	0.0110	0.0219	-0.0250	-0.0201	-0.0359	-0.0066	-0.0106	-0.0179	-0.0155	-0.0199	0.0075	0.0198	-0.0132	-0.0100	-0.0072
GTEX-XLM4-0003-SM-4YUW8	GTEX-XLM4-0003-SM-4YUW8	-0.0216	0.0054	0.0350	-0.0295	-0.0222	-0.0482	-0.0037	-0.0012	-0.0317	0.0145	-0.0348	-0.0374	0.0065	-0.0062	0.0292	0.0102	-0.0159	-0.0596	-0.0112	0.0033
GTEX-XMD1-0004-SM-4YUWX_1	GTEX-XMD1-0004-SM-4YUWX_1	-0.0208	0.0147	-0.0075	-0.0389	-0.0073	-0.0473	0.0134	0.0261	-0.0094	-0.0163	-0.0286	-0.0086	-0.0100	-0.0001	-0.0033	-0.0066	0.0272	0.0079	0.0191	0.0002
GTEX-XMD2-0001-SM-4YUVJ	GTEX-XMD2-0001-SM-4YUVJ	-0.0200	0.0009	0.0418	0.1140	0.0795	0.0188	0.0030	-0.0112	0.0363	0.0071	-0.0341	0.0149	-0.0183	0.0592	-0.0158	0.0261	-0.0016	-0.0028	-0.0200	0.0095
GTEX-XMD3-0003-SM-4YUX3	GTEX-XMD3-0003-SM-4YUX3	0.0098	-0.0732	-0.0611	-0.1045	0.0259	0.1598	0.0225	0.0100	0.0555	-0.0848	-0.0661	-0.0448	0.0912	-0.1121	-0.0479	-0.0860	0.0515	0.0623	-0.1009	0.0112
GTEX-XMK1-0003-SM-4YUWQ	GTEX-XMK1-0003-SM-4YUWQ	-0.0202	0.0024	0.0288	-0.0079	0.0403	-0.0262	-0.0059	0.0114	0.0425	-0.0007	0.0011	-0.0197	-0.0089	0.0292	0.0150	0.0217	-0.0222	-0.0273	0.0249	-0.0312
GTEX-XOT4-0001-SM-4YUX9	GTEX-XOT4-0001-SM-4YUX9	-0.0116	-0.0014	-0.2336	0.0576	-0.0247	0.0462	0.1096	0.0176	0.0016	-0.0281	-0.0428	0.0136	-0.0223	0.0745	0.0653	0.0584	-0.0231	-0.0914	0.1264	0.0309
GTEX-XPT6-0004-SM-4YUXL	GTEX-XPT6-0004-SM-4YUXL	-0.0196	0.0101	0.0235	-0.0269	-0.0146	0.0411	0.0182	0.0419	0.0187	-0.0039	0.0082	-0.0241	-0.0018	0.0184	-0.0227	-0.0882	0.0337	-0.0098	0.0118	0.0343
GTEX-XPVG-0003-SM-4YUWK	GTEX-XPVG-0003-SM-4YUWK	-0.0213	0.0011	0.0420	-0.0191	0.0024	0.0155	0.0307	0.0030	-0.0415	0.0015	0.0111	0.0111	-0.0205	0.0352	-0.0177	-0.0266	-0.0406	0.0285	-0.0082	0.0161
GTEX-XQ3S-0002-SM-4YUWE	GTEX-XQ3S-0002-SM-4YUWE	-0.0208	0.0039	0.0544	0.0966	0.0307	0.0132	-0.0157	0.0153	0.0130	0.0152	0.0099	-0.0512	-0.0481	0.0007	0.0159	-0.0373	0.0663	-0.0371	0.0219	0.0145
GTEX-XQ8I-0001-SM-4YUVE	GTEX-XQ8I-0001-SM-4YUVE	-0.0211	0.0017	-0.0109	0.0382	0.0253	-0.0021	0.0130	-0.0079	0.0259	-0.0134	0.0164	0.0359	0.0230	-0.0099	0.0021	-0.0484	0.0371	-0.0048	-0.0035	0.0112
GTEX-XUJ4-0001-SM-4YUW2	GTEX-XUJ4-0001-SM-4YUW2	-0.0118	0.0043	-0.1876	0.0398	0.0168	0.0266	-0.0225	-0.0457	0.0564	-0.0277	0.0767	-0.0059	0.0255	-0.0273	-0.0496	-0.0158	-0.0185	-0.0127	-0.0065	-0.0023
GTEX-XUW1-0002-SM-4YUXF	GTEX-XUW1-0002-SM-4YUXF	-0.0220	0.0059	0.0367	0.0718	0.0714	0.0132	-0.0096	0.0352	-0.0292	0.0194	-0.0210	0.0193	-0.0284	0.0082	-0.0264	0.0233	0.0469	0.0089	-0.0111	-0.0480
GTEX-XUYS-0001-SM-4YUWO	GTEX-XUYS-0001-SM-4YUWO	0.1159	0.0151	-0.0106	-0.0077	-0.1070	0.0973	-0.0873	-0.0843	0.1239	-0.0242	0.1252	-0.0216	0.0120	-0.0112	-0.0199	-0.0841	-0.0290	0.0237	0.1200	-0.0037
GTEX-XUZC-0002-SM-4YUX1	GTEX-XUZC-0002-SM-4YUX1	-0.0217	0.0092	-0.0031	-0.0082	-0.0040	0.0157	-0.0101	0.0002	-0.0104	0.0226	0.0005	0.0389	0.0328	-0.0213	0.0210	0.0596	0.0104	0.0038	-0.0248	0.0205
GTEX-XV7Q-0004-SM-4YUWC	GTEX-XV7Q-0004-SM-4YUWC	-0.0220	0.0181	0.0426	-0.0211	-0.0456	-0.0281	-0.0390	-0.0346	-0.0146	-0.0038	0.0045	-0.0094	-0.0380	0.0195	0.0194	0.0466	-0.0048	0.0308	-0.0634	0.0640
GTEX-XXEK-0001-SM-4YUWD	GTEX-XXEK-0001-SM-4YUWD	-0.0216	0.0079	0.0164	-0.0170	0.0210	-0.0375	-0.0080	0.0001	0.0286	-0.0055	0.0260	0.0183	0.0306	0.0064	-0.0166	-0.0102	0.0096	0.0025	-0.0086	-0.0286
GTEX-XYKS-0003-SM-4YUVD	GTEX-XYKS-0003-SM-4YUVD	0.1236	-0.0057	0.0045	-0.0171	-0.0344	-0.0274	-0.0524	-0.0676	0.0890	-0.0029	-0.0681	-0.0550	0.0303	0.1329	0.0289	-0.0965	-0.0374	0.1668	0.0106	0.0312
GTEX-Y3I4-0004-SM-4YUVP	GTEX-Y3I4-0004-SM-4YUVP	-0.0206	0.0123	0.0005	-0.0266	-0.0090	-0.0116	-0.0114	0.0249	0.0176	-0.0177	0.0150	-0.0111	-0.0029	0.0238	-0.0203	0.0043	0.0063	0.0156	0.0371	0.0337
GTEX-Y3IK-0004-SM-4YUX2	GTEX-Y3IK-0004-SM-4YUX2	0.1006	0.0155	0.0268	0.0890	-0.0567	0.0614	-0.3217	0.1344	-0.0387	-0.1303	-0.0010	0.0190	-0.0194	-0.0978	-0.0639	-0.0615	-0.0769	0.1578	-0.0272	0.0533
GTEX-Y5LM-0002-SM-4YUV1	GTEX-Y5LM-0002-SM-4YUV1	-0.0214	0.0035	0.0133	0.0039	0.0250	-0.0135	-0.0079	0.0299	-0.0136	-0.0223	0.0274	0.0202	-0.0009	0.0452	-0.0296	0.0147	0.0040	-0.0027	0.0491	-0.0041
GTEX-Y5V5-0002-SM-4YUV2	GTEX-Y5V5-0002-SM-4YUV2	-0.0224	-0.0005	-0.0065	-0.0300	-0.0142	0.0097	0.0605	-0.0302	0.0139	0.0112	0.0170	-0.0061	-0.0101	-0.0268	0.0020	-0.0135	-0.0051	0.0077	0.0401	0.0351
GTEX-Y5V6-0001-SM-4YUXD	GTEX-Y5V6-0001-SM-4YUXD	-0.0220	0.0061	0.0207	-0.0471	-0.0261	-0.0159	-0.0094	-0.0080	0.0169	-0.0180	-0.0341	0.0262	-0.0296	0.0179	-0.0335	0.0581	0.0292	0.0385	-0.0282	0.0619
GTEX-Y8DK-0002-SM-4YUVY	GTEX-Y8DK-0002-SM-4YUVY	-0.0215	0.0124	0.0114	-0.0136	-0.0302	-0.0253	0.0377	-0.0224	-0.0139	-0.0010	-0.0513	-0.0352	-0.0098	0.0591	-0.0016	0.0067	-0.0144	-0.0308	-0.0066	-0.0064
GTEX-Y8E4-0001-SM-4YUWB	GTEX-Y8E4-0001-SM-4YUWB	-0.0128	0.0020	-0.2056	-0.0070	0.0119	-0.0278	-0.0041	0.0250	0.0535	-0.0221	0.0089	-0.0195	0.0016	-0.0035	-0.0661	0.0053	0.0039	-0.0346	0.0310	-0.0256
GTEX-Y8E5-0001-SM-4YUWN	GTEX-Y8E5-0001-SM-4YUWN	0.1138	0.0106	0.0126	-0.0000	0.0534	-0.1260	-0.0470	-0.0782	0.0247	0.1578	0.0923	0.0199	0.0653	-0.0899	0.0738	0.0757	-0.0374	0.1748	0.0469	-0.0844
GTEX-Y8LW-0004-SM-4YUUY	GTEX-Y8LW-0004-SM-4YUUY	-0.0202	-0.0016	-0.0067	-0.0216	0.0088	-0.0203	-0.0163	-0.0168	0.0102	0.0174	-0.0187	-0.0039	0.0768	-0.0236	0.0104	-0.0139	-0.0081	-0.0195	0.0008	-0.0157
GTEX-Y9LG-0003-SM-4YUVB	GTEX-Y9LG-0003-SM-4YUVB	-0.0226	0.0094	0.0303	0.0094	-0.0117	0.0160	0.0009	0.0197	-0.0235	-0.0018	-0.0141	-0.0154	-0.0325	0.0160	0.0247	-0.0463	0.0437	0.0086	0.0010	-0.0378
GTEX-Y111-0001-SM-4YUXE	GTEX-Y111-0001-SM-4YUXE	-0.0209	0.0034	0.0080	-0.0311	-0.0244	-0.0254	-0.0161	-0.0426	-0.0044	0.0190	0.0336	-0.0344	-0.0268	0.0109	0.0008	0.0176	-0.0520	0.0100	0.0183	0.0592
GTEX-Y114-0004-SM-4YUWP	GTEX-Y114-0004-SM-4YUWP	0.1321	0.0152	0.0050	0.0218	-0.0565	-0.0385	0.0754	0.1475	0.0767	0.2392	0.1084	0.0940	-0.0961	0.0220	0.0266	-0.1261	0.0274	-0.0006	0.0194	0.0383
GTEX-YB5E-0003-SM-4YUVA	GTEX-YB5E-0003-SM-4YUVA	0.0310	0.0097	0.0024	-0.0319	-0.0162	-0.0304	-0.0875	-0.0023	-0.0358	0.0707	-0.0951	-0.0376	0.0189	0.0299	-0.0534	0.0817	0.0149	0.0067	0.0041	0.0370
GTEX-YB5K-0001-SM-4YUVM	GTEX-YB5K-0001-SM-4YUVM	-0.0208	0.0135	0.0171	-0.0475	-0.0241	0.0107	0.0102	-0.0042	-0.0378	0.0021	-0.0340	0.0267	-0.0205	0.0071	-0.0168	-0.0161	-0.0178	0.0237	-0.0319	-0.0245
GTEX-YBZK-0001-SM-5DWTQ	GTEX-YBZK-0001-SM-5DWTQ	0.0943	0.0161	0.0124	0.0942	-0.1266	0.0754	-0.1893	0.0533	-0.0311	-0.1350	-0.0421	0.1485	0.0570	-0.0628	0.0965	-0.0272	-0.0034	-0.0644	-0.0290	0.1570
GTEX-YEC3-0004-SM-4YUXB	GTEX-YEC3-0004-SM-4YUXB	-0.0203	0.0056	0.0183	-0.0307	-0.0546	0.0054	-0.0559	0.0151	-0.0225	-0.0146	-0.0307	0.0508	0.0177	0.0045	0.0414	-0.0277	-0.0462	-0.0046	0.0200	-0.0077
GTEX-YEC4-0006-SM-4YUWY	GTEX-YEC4-0006-SM-4YUWY	-0.0206	0.0068	0.0138	-0.0285	0.0501	0.0011	0.0070	-0.0131	0.0111	0.0238	0.0181	-0.0271	-0.0099	-0.0164	-0.0063	0.0393	-0.0778	0.0290	-0.0090	0.0366
GTEX-YECK-0002-SM-4YUVN	GTEX-YECK-0002-SM-4YUVN	-0.0219	-0.0082	0.0067	-0.0214	0.0022	-0.0026	0.0184	-0.0498	-0.0213	-0.0121	-0.0117	-0.0371	0.0055	-0.0186	0.0289	-0.0689	0.0183	-0.0347	0.0123	-0.0348
GTEX-YF7O-0002-SM-4YUUX	GTEX-YF7O-0002-SM-4YUUX	-0.0203	0.0011	0.0144	-0.0090	-0.0036	0.0238	0.0357	-0.0048	0.0170	0.0066	0.0134	0.0431	0.0349	0.0288	0.0185	0.0291	0.0044	-0.0332	-0.0524	0.0024
GTEX-YFC4-0001-SM-4YUWA	GTEX-YFC4-0001-SM-4YUWA	-0.0215	0.0150	-0.0026	-0.0539	-0.0234	-0.0135	0.0221	-0.0367	0.0019	-0.0537	-0.0223	-0.0031	-0.0131	0.0213	-0.0039	-0.0088	-0.0317	-0.0614	-0.0112	0.0277
GTEX-YFCO-0001-SM-4YUWM	GTEX-YFCO-0001-SM-4YUWM	0.0119	-0.0895	-0.0576	-0.1290	0.1581	0.0795	-0.0173	0.1277	0.0544	0.0233	-0.0480	0.0197	0.0392	0.0277	-0.0714	0.0678	0.0600	0.0190	-0.0416	0.0528
GTEX-YJ8A-0002-SM-4YUUZ	GTEX-YJ8A-0002-SM-4YUUZ	-0.0206	0.0056	0.0167	0.0935	0.0350	0.0268	-0.0582	-0.0078	-0.0154	0.0278	-0.0009	0.0223	-0.0360	0.0526	0.0188	0.0154	-0.0114	-0.0544	0.0283	0.0155
GTEX-YJ89-0002-SM-4YUVL	GTEX-YJ89-0002-SM-4YUVL	-0.0114	-0.0004	-0.1762	0.0072	0.0190	0.0179	0.0024	-0.0081	-0.0238	-0.0035	-0.0055	0.0587	0.0096	-0.0267	-0.0442	0.0077	0.0064	0.0156	0.0090	0.0028
GTEX-Z9EW-0002-SM-4YUV9	GTEX-Z9EW-0002-SM-4YUV9	-0.0218	0.0144	-0.0020	-0.0077	-0.0249	0.0199	0.0110	-0.0207	0.0111	-0.0115	-0.0283	0.0225	-0.0090	0.0114	-0.0242	0.0171	0.0175	-0.0221	0.0141	0.0132
GTEX-Z93S-0002-SM-4YUVX	GTEX-Z93S-0002-SM-4YUVX	-0.0215	0.0034	0.0247	0.0140	0.0231	-0.0122	-0.0084	-0.0360	-0.0150	0.0097	-0.0042	-0.0110	-0.0121	-0.0521	-0.0030	-0.0022	-0.0040	0.0062	0.0334	0.0444
GTEX-Z93T-0002-SM-5DWTP	GTEX-Z93T-0002-SM-5DWTP	0.1264	0.0119	-0.0127	0.0406	0.0541	-0.0126	0.0435	0.0767	-0.0197	-0.0182	0.0564	0.0265	0.0858	0.0117	0.0689	0.0811	-0.0116	-0.0524	-0.1410	-0.0478
GTEX-ZA64-0003-SM-4YUXC	GTEX-ZA64-0003-SM-4YUXC	-0.0216	0.0077	-0.0009	-0.0084	-0.0067	0.0108	-0.0201	-0.0110	0.0122	0.0244	0.0102	-0.0114	-0.0027	-0.0325	0.0758	0.0191	-0.0232	-0.0199	0.0284	-0.0195
GTEX-ZAB4-0001-SM-4YUVZ	GTEX-ZAB4-0001-SM-4YUVZ	-0.0189	0.0002	0.0045	0.0363	0.0527	-0.0185	-0.0038	-0.0368	0.0046	0.0228	0.0404	0.0006	-0.0230	0.0179	0.0048	0.0158	-0.0032	0.0200	-0.0194	0.0314
GTEX-ZAB5-0004-SM-4YUWZ	GTEX-ZAB5-0004-SM-4YUWZ	-0.0217	0.0002	0.0166	-0.0135	0.0014	0.0462	0.0111	-0.0073	0.0019	-0.0538	0.0180	0.0323	-0.0166	0.0095	0.0402	0.0009	0.0188	0.0368	0.0092	0.0107
GTEX-ZAJG-0001-SM-4YUUW	GTEX-ZAJG-0001-SM-4YUUW	0.1102	0.0108	-0.0032	-0.0192	-0.1177	0.0107	-0.0519	-0.0521	0.1063	0.2161	0.0822	-0.0187	0.0179	-0.0041	0.0865	0.0704	0.2640	-0.1156	-0.1524	0.0956
GTEX-ZC5H-0003-SM-4YUW1	GTEX-ZC5H-0003-SM-4YUW1	-0.0213	-0.0018	0.0578	0.0597	-0.0080	-0.0091	-0.0237	-0.0215	0.0147	0.0275	0.0378	0.0055	0.0386	0.0294	-0.0284	0.0592	0.0003	0.0372	0.0179	0.0077
GTEX-ZDTS-0002-SM-4YUVC	GTEX-ZDTS-0002-SM-4YUVC	-0.0199	0.0077	-0.0038	0.0103	-0.0041	-0.0032	-0.0169	-0.0107	0.0426	0.0280	0.0156	0.0088	0.0284	0.0222	-0.0096	0.0306	0.0404	-0.0367	-0.0493	-0.0379
GTEX-ZDTT-0002-SM-4YUVO	GTEX-ZDTT-0002-SM-4YUVO	-0.0223	0.0118	0.0045	-0.0354	-0.0198	0.0294	0.0100	-0.0141	-0.0041	0.0033	-0.0247	-0.0206	-0.0062	-0.0293	0.0134	-0.0327	0.0206	-0.0384	0.0104	-0.0067
GTEX-ZDXO-0001-SM-4YUWF	GTEX-ZDXO-0001-SM-4YUWF	-0.0221	0.0069	0.0148	-0.0320	-0.0159	-0.0088	0.0143	0.0100	0.0117	-0.0023	0.0478	-0.0041	-0.0059	-0.0099	-0.0168	-0.0207	0.0098	-0.0087	0.0241	-0.0262
GTEX-ZDYS-0005-SM-4YUWR	GTEX-ZDYS-0005-SM-4YUWR	-0.0212	0.0061	0.0141	-0.0184	-0.0315	-0.0108	-0.0412	-0.0007	0.0200	0.0223	-0.0053	0.0127	-0.0162	0.0145	-0.0074	0.0328	0.0315	-0.0111	0.0011	-0.0804
GTEX-ZE7O-0002-SM-4YUXG	GTEX-ZE7O-0002-SM-4YUXG	-0.0197	0.0067	0.0076	0.0074	0.0093	0.0019	0.0376	0.0220	0.0024	-0.0048	0.0307	-0.0091	0.0330	0.0194	-0.0043	-0.0014	-0.0003	0.0164	0.0220	-0.0352
GTEX-ZEX8-0001-SM-4YUX4	GTEX-ZEX8-0001-SM-4YUX4	-0.0146	-0.0097	-0.1664	0.0029	-0.0251	0.0414	0.0294	-0.0258	0.0261	0.0174	-0.0140	-0.0046	0.0050	0.0355	0.0171	0.0087	-0.0218	-0.0296	-0.0281	-0.0645
GTEX-ZF2S-0002-SM-4YUWS	GTEX-ZF2S-0002-SM-4YUWS	-0.0205	0.0080	-0.0034	-0.0004	0.0029	-0.0001	0.0294	-0.0176	0.0255	0.0051	-0.0076	0.0149	0.0123	-0.0009	-0.0033	-0.0124	-0.0366	-0.0155	-0.0209	-0.0315
GTEX-ZF3C-0002-SM-4YUXH	GTEX-ZF3C-0002-SM-4YUXH	-0.0220	0.0049	0.0069	-0.0152	-0.0029	0.0379	0.0081	0.0387	0.0107	0.0386	-0.0238	-0.0104	0.0504	0.0084	-0.0022	-0.0138	-0.0517	-0.0240	0.0296	0.0154
GTEX-ZF28-0002-SM-4YUW3	GTEX-ZF28-0002-SM-4YUW3	-0.0210	0.0155	0.0198	-0.0270	-0.0329	-0.0176	0.0041	0.0123	-0.0028	-0.0158	-0.0161	0.0022	0.0231	-0.0165	0.0017	0.0238	0.0430	0.0571	-0.0526	0.0288
GTEX-ZF29-0004-SM-4YUX5	GTEX-ZF29-0004-SM-4YUX5	-0.0209	0.0066	0.0303	-0.0194	0.0123	0.0021	0.0017	-0.0323	-0.0230	0.0193	-0.0334	-0.0119	0.0404	-0.0043	-0.0258	-0.0157	0.0388	-0.0123	-0.0224	0.0001
GTEX-ZG7Y-0001-SM-4YUVR	GTEX-ZG7Y-0001-SM-4YUVR	-0.0208	0.0141	0.0204	-0.0392	-0.0276	-0.0173	-0.0038	0.0362	0.0011	0.0345	0.0360	-0.0122	-0.0072	0.0150	0.0104	0.0235	0.0306	-0.0096	0.0011	-0.0810
GTEX-ZGAY-0002-SM-4YUV3	GTEX-ZGAY-0002-SM-4YUV3	-0.0238	0.0060	0.0316	-0.0396	-0.0264	0.0074	0.0022	-0.0160	0.0092	0.0149	-0.0151	-0.0123	-0.0111	0.0164	0.0072	0.0145	0.0137	0.0080	0.0209	-0.0312
GTEX-ZLFU-0004-SM-4YUV4	GTEX-ZLFU-0004-SM-4YUV4	0.1234	-0.0039	-0.0212	0.0100	0.0725	-0.0055	-0.0277	0.0956	0.0035	-0.0013	-0.1065	-0.0690	0.0630	0.0636	0.1371	0.0491	-0.0271	0.1557	-0.0488	-0.0780
GTEX-ZLV1-0003-SM-4YUVF	GTEX-ZLV1-0003-SM-4YUVF	-0.0209	0.0072	0.0201	-0.0264	0.0099	-0.0175	-0.0053	0.0241	0.0216	0.0088	-0.0188	0.0426	0.0178	0.0104	-0.0161	0.0420	-0.0188	-0.0083	0.0312	0.0099
GTEX-ZLWG-0001-SM-4YUVG	GTEX-ZLWG-0001-SM-4YUVG	0.0682	-0.0062	0.0212	0.0101	-0.1210	0.2472	0.1331	0.0189	-0.0902	0.1417	0.1581	-0.1043	-0.1822	0.0812	0.0395	-0.0587	0.0329	0.0303	-0.0693	-0.1257
GTEX-ZP4G-0002-SM-4YUW4	GTEX-ZP4G-0002-SM-4YUW4	-0.0203	0.0004	0.0087	0.0241	0.0117	0.0070	-0.0032	0.0072	-0.0152	0.0247	0.0130	-0.0167	-0.0412	0.0151	-0.0181	-0.0304	-0.0472	0.0079	-0.0549	-0.0343
GTEX-ZPCL-0001-SM-4YUWG	GTEX-ZPCL-0001-SM-4YUWG	-0.0224	0.0072	-0.0148	-0.0350	-0.0608	-0.0326	0.0197	-0.0201	-0.0204	-0.0536	0.0041	0.0099	0.0440	-0.0311	-0.0098	0.0082	-0.0281	0.0012	-0.0192	0.0531
GTEX-ZPIC-0004-SM-4YUVS	GTEX-ZPIC-0004-SM-4YUVS	-0.0214	0.0117	0.0442	0.0063	0.0090	0.0012	-0.0014	-0.0039	-0.0216	-0.0516	0.0093	-0.0027	-0.0128	-0.0249	0.0272	0.0151	0.0378	0.0651	0.0529	-0.0165
GTEX-ZPU1-0002-SM-4YUW5	GTEX-ZPU1-0002-SM-4YUW5	0.1027	-0.0095	-0.0127	0.0098	0.0549	-0.0721	-0.0418	0.1952	0.0158	0.1819	-0.1372	0.0418	-0.1041	-0.1108	0.0803	-0.1155	-0.1726	-0.1308	-0.1755	0.0676
GTEX-ZQG8-0003-SM-4YUWH	GTEX-ZQG8-0003-SM-4YUWH	-0.0213	0.0060	0.0186	-0.0160	-0.0178	-0.0255	0.0348	0.0235	-0.0168	0.0020	-0.0135	0.0148	0.0093	-0.0417	0.0020	-0.0121	0.0113	-0.0139	0.0099	-0.0243
GTEX-ZQUD-0002-SM-4YUWT	GTEX-ZQUD-0002-SM-4YUWT	0.1109	0.0135	0.0217	0.0072	0.0237	-0.0959	-0.1528	0.1011	0.0126	-0.0302	-0.0975	0.0621	0.0111	-0.0530	-0.0768	-0.1436	-0.0832	-0.1014	-0.0862	-0.1492
GTEX-ZT9W-0002-SM-4YUVT	GTEX-ZT9W-0002-SM-4YUVT	-0.0215	0.0024	-0.0066	0.0679	0.0710	0.0065	0.0128	0.0121	0.0318	0.0196	0.0047	-0.0011	-0.0444	0.0264	-0.0154	-0.0092	0.0021	0.0144	-0.0148	-0.0454
GTEX-ZT9X-0002-SM-4YUX6	GTEX-ZT9X-0002-SM-4YUX6	-0.0215	-0.0059	0.0487	0.0960	0.0360	-0.0128	0.0180	-0.0151	0.0193	0.0045	-0.0312	-0.0191	0.0101	0.0050	-0.0156	0.0328	0.0041	-0.0063	0.0239	0.0402
GTEX-ZTPG-0003-SM-4YUXJ	GTEX-ZTPG-0003-SM-4YUXJ	-0.0182	0.0058	-0.0359	0.0119	-0.0100	0.0461	0.0060	0.0130	-0.0179	0.0131	-0.0300	-0.0260	0.0047	-0.0437	0.0246	0.0251	0.0109	0.0269	0.0301	0.0197
GTEX-ZTSS-0003-SM-4YUW6	GTEX-ZTSS-0003-SM-4YUW6	-0.0213	0.0173	-0.0055	0.0116	-0.0221	-0.0009	-0.0014	0.0217	0.0423	-0.0035	0.0679	-0.0005	0.0152	0.0485	0.0135	0.0162	-0.0108	-0.0032	-0.0228	-0.0075
GTEX-ZTTD-0002-SM-4YUV5	GTEX-ZTTD-0002-SM-4YUV5	-0.0213	0.0060	0.0217	0.0532	0.0100	-0.0277	-0.0055	-0.0144	-0.0007	-0.0085	0.0160	0.0321	0.0183	0.0064	-0.0394	0.0191	-0.0314	-0.0109	-0.0372	0.0757
GTEX-ZTX8-0004-SM-4YUXI	GTEX-ZTX8-0004-SM-4YUXI	0.0890	0.0018	0.0140	-0.0778	0.0775	-0.1524	0.1104	-0.1716	0.0877	0.0241	-0.1491	0.1998	-0.0613	-0.0592	-0.0751	-0.0687	0.2125	0.0035	0.0241	0.1468
GTEX-ZUA1-0001-SM-4YUVH	GTEX-ZUA1-0001-SM-4YUVH	-0.0221	0.0124	0.0239	0.0065	-0.0166	-0.0147	-0.0418	-0.0024	0.0040	-0.0143	0.0088	0.0044	0.0034	0.0587	-0.0307	0.0519	0.0174	-0.0367	-0.0068	0.0186
GTEX-ZV6S-0002-SM-4YUWI	GTEX-ZV6S-0002-SM-4YUWI	-0.0196	0.0014	-0.0301	0.0240	-0.0276	-0.0099	-0.0125	0.0009	0.0121	-0.0779	-0.0043	-0.0071	-0.0122	0.0270	-0.0326	0.0129	0.0167	-0.0155	-0.0140	0.0186
GTEX-ZV7C-0002-SM-4YUX7	GTEX-ZV7C-0002-SM-4YUX7	0.1011	0.0066	-0.0011	-0.0123	0.0079	-0.0678	-0.0949	-0.1990	-0.0097	0.0074	-0.0760	0.0693	-0.0385	-0.0687	-0.0571	0.1580	-0.0638	-0.1434	-0.0810	-0.1641
GTEX-ZV68-0001-SM-4YUWU	GTEX-ZV68-0001-SM-4YUWU	-0.0206	-0.0013	0.0194	-0.0247	0.0023	-0.0040	0.0070	-0.0406	0.0188	0.0378	-0.0466	0.0068	0.0107	-0.0723	-0.0158	0.0089	-0.0822	0.0121	0.0225	0.1441
GTEX-ZVE1-0001-SM-4YUX8	GTEX-ZVE1-0001-SM-4YUX8	-0.0220	0.0107	0.0122	-0.0366	-0.0142	0.0319	0.0064	0.0303	-0.0013	0.0015	-0.0007	0.0212	-0.0338	-0.0138	0.0396	-0.0298	-0.0292	-0.0067	-0.0085	0.0142
GTEX-ZVE2-0002-SM-4YUV6	GTEX-ZVE2-0002-SM-4YUV6	-0.0209	0.0139	0.0115	0.0563	0.0289	-0.0025	0.0217	0.0087	-0.0062	-0.0045	0.0048	-0.0422	-0.0216	-0.0012	-0.0157	0.0295	-0.0002	0.0746	0.0336	0.0309
GTEX-ZVP2-0002-SM-4YUXK	GTEX-ZVP2-0002-SM-4YUXK	0.1268	0.0115	0.0125	-0.0379	0.0135	-0.0644	-0.0495	-0.0620	0.0714	-0.0009	0.0212	0.0177	-0.0660	0.0987	-0.0346	0.0435	-0.0071	-0.0186	0.0494	0.0220
GTEX-ZVT2-0003-SM-4YUVI	GTEX-ZVT2-0003-SM-4YUVI	-0.0225	0.0175	-0.0045	0.0012	0.0188	0.0143	-0.0031	-0.0115	-0.0019	-0.0037	0.0105	0.0242	-0.0008	0.0096	0.0335	-0.0320	0.0194	0.0045	-0.0214	-0.0579
GTEX-ZVT3-0001-SM-4YUV7	GTEX-ZVT3-0001-SM-4YUV7	-0.0196	0.0030	-0.0262	-0.0081	-0.0126	-0.0280	0.0047	-0.0251	0.0134	0.0260	-0.0147	0.0028	0.0302	-0.0345	0.0346	0.0073	-0.0034	-0.0345	-0.0524	0.0208
GTEX-ZVT4-0004-SM-4YUVU	GTEX-ZVT4-0004-SM-4YUVU	-0.0209	0.0035	0.0227	-0.0380	-0.0338	-0.0038	0.0298	0.0007	-0.0089	0.0392	-0.0382	0.0315	-0.0137	-0.0039	-0.0466	0.0398	0.0075	0.0074	-0.0281	-0.0234
GTEX-ZVTK-0002-SM-4YUW7	GTEX-ZVTK-0002-SM-4YUW7	0.0534	0.0046	-0.0542	-0.0514	0.0449	0.0062	-0.0086	0.0043	0.0057	-0.0043	0.1401	0.0189	-0.0294	-0.0295	0.0386	0.0054	-0.0260	0.0404	0.0706	0.0872
GTEX-ZVZO-0001-SM-5DWS4	GTEX-ZVZO-0001-SM-5DWS4	0.1197	0.0199	0.0041	-0.0104	0.0433	-0.0415	-0.1054	-0.1178	0.0844	-0.1037	-0.0425	-0.0981	-0.0924	-0.0594	-0.0426	0.0533	-0.0903	-0.0823	0.2132	-0.0436
GTEX-ZVZP-0003-SM-4YUWJ	GTEX-ZVZP-0003-SM-4YUWJ	-0.0202	0.0010	-0.0156	0.0092	0.0563	0.0043	-0.0153	0.0253	-0.0065	0.0611	-0.0349	-0.0146	-0.0157	-0.0155	0.0168	-0.0432	-0.0010	0.0163	0.0443	0.0283
GTEX-ZVZQ-0002-SM-4YUWV	GTEX-ZVZQ-0002-SM-4YUWV	-0.0224	0.0141	0.0219	0.0047	-0.0307	0.0034	0.0123	-0.0258	-0.0306	0.0307	0.0176	-0.0333	-0.0446	-0.0420	-0.0115	-0.0073	-0.0316	0.0268	0.0131	0.0369
GTEX-ZXES-0001-SM-5DWS2	GTEX-ZXES-0001-SM-5DWS2	-0.0181	0.0126	0.0268	-0.0047	-0.0434	-0.0090	-0.0542	-0.0016	0.0266	0.0046	-0.0193	-0.0072	-0.0048	-0.0072	0.0313	0.0138	-0.0081	0.0129	-0.0119	-0.0038
GTEX-ZXG5-0002-SM-5DWS3	GTEX-ZXG5-0002-SM-5DWS3	-0.0130	-0.0284	-0.1911	0.0409	0.0528	0.0215	-0.0002	-0.0318	-0.0045	0.0045	0.0526	-0.0524	0.0098	0.0013	0.0202	-0.0244	0.0042	0.0123	0.0045	-0.0301
GTEX-ZY6K-0002-SM-5DWS5	GTEX-ZY6K-0002-SM-5DWS5	0.1206	0.0040	-0.0026	-0.0414	0.0397	-0.0493	-0.0806	-0.0587	-0.0481	-0.0717	0.0753	-0.0633	-0.0280	0.1401	0.0059	-0.0270	0.1313	0.0262	0.0873	0.1297
GTEX-ZYFC-0001-SM-5DWS7	GTEX-ZYFC-0001-SM-5DWS7	0.1142	0.0148	0.0232	0.0610	-0.0183	0.0995	-0.0311	0.0977	-0.0846	-0.0448	0.0116	-0.0370	-0.0404	-0.0187	0.0321	0.1637	0.0289	-0.0602	-0.1236	0.0584
GTEX-ZYFD-0001-SM-5DWS6	GTEX-ZYFD-0001-SM-5DWS6	-0.0212	0.0152	-0.0050	-0.0064	0.0422	-0.0215	0.0047	0.0156	-0.0554	0.0385	-0.0153	-0.0257	-0.0051	-0.0051	0.0243	0.0027	0.0058	0.0267	0.0364	-0.0300
GTEX-ZYFG-0004-SM-5DWS8	GTEX-ZYFG-0004-SM-5DWS8	-0.0202	0.0011	0.0074	-0.0048	-0.0231	-0.0229	-0.0053	0.0210	-0.0392	0.0321	0.0243	0.0236	0.0880	-0.0777	-0.0236	0.0097	0.0407	0.0237	0.0454	0.0257
GTEX-ZYT6-0002-SM-5DWS9	GTEX-ZYT6-0002-SM-5DWS9	-0.0203	0.0130	0.0116	-0.0164	-0.0361	-0.0361	0.0281	-0.0150	0.0162	0.0209	0.0115	-0.0066	0.0468	0.0338	-0.0041	0.0390	0.0002	-0.0486	-0.0330	0.0365
GTEX-ZYWO-0004-SM-5DWTS	GTEX-ZYWO-0004-SM-5DWTS	-0.0209	-0.0021	-0.0231	0.0223	0.0119	0.0728	0.0479	0.0474	0.0239	0.0461	-0.0046	-0.0340	0.0089	0.0228	-0.0189	0.0163	-0.0377	-0.0143	-0.0748	0.0276
GTEX-ZYY3-0002-SM-5DWTT	GTEX-ZYY3-0002-SM-5DWTT	-0.0167	0.0049	-0.1054	-0.0060	0.0088	0.0187	-0.0056	-0.0171	-0.0014	-0.0284	0.0143	-0.0179	0.0149	0.0057	-0.0318	-0.0091	0.0053	-0.0006	0.0484	-0.0305
GTEX-ZZ64-0004-SM-5DWSA	GTEX-ZZ64-0004-SM-5DWSA	-0.0219	-0.0019	0.0189	0.0303	0.0043	-0.0406	0.0127	0.0104	0.0253	-0.0009	0.0322	-0.0244	-0.0246	0.0065	-0.0315	0.0284	-0.0229	0.0624	0.0213	-0.0310
GTEX-ZZPT-0002-SM-5DWTU	GTEX-ZZPT-0002-SM-5DWTU	-0.0228	0.0008	0.0406	0.1290	0.0901	0.0192	-0.0131	-0.0132	0.0185	-0.0115	-0.0048	0.0043	0.0140	-0.0307	0.0035	-0.0022	0.0610	-0.0169	-0.0107	-0.0038
GTEX-ZZPU-0003-SM-5DWTO	GTEX-ZZPU-0003-SM-5DWTO	-0.0210	0.0051	-0.0099	-0.0515	-0.0071	0.0101	0.0226	-0.0055	-0.0092	0.0146	0.0263	0.0283	0.0258	-0.0230	-0.0391	0.0302	-0.0363	0.0495	-0.0084	0.0573
