"C1"	"C2"	"C3"
"GTEX.N7MS"	-0.0217	0.01	0.0378
"GTEX.N7MT"	-0.0225	0.005	0.0533
"GTEX.NFK9"	0.0973	-0.0054	0.018
"GTEX.NL3H"	0.0756	-0.0353	1e-04
"GTEX.NL4W"	-0.0211	0.0099	0.0438
"GTEX.NPJ7"	-0.02	-0.0194	0.0571
"GTEX.NPJ8"	-0.0219	0.0045	0.0015
"GTEX.O5YT"	-0.0208	0.0069	0.0167
"GTEX.O5YV"	-0.021	0.0081	-0.0177
"GTEX.O5YW"	-0.0113	-0.0256	-0.2239
"GTEX.OHPK"	0.1208	0.0078	-0.0039
"GTEX.OHPL"	-0.0233	0.0055	0.0358
"GTEX.OHPM"	-0.0212	0.0044	-0.0169
"GTEX.OHPN"	-0.0166	0.0056	-0.0607
"GTEX.OIZF"	-0.0218	0.011	0.0248
"GTEX.OIZG"	-0.0205	0.0037	-0.0122
"GTEX.OIZH"	-0.0123	-0.0178	-0.1342
"GTEX.OIZI"	-0.0217	-5e-04	0.015
"GTEX.OOBJ"	0.129	0.0191	0.0122
"GTEX.OOBK"	-0.0217	0.0106	0.0396
"GTEX.OXRK"	-0.0214	0.0048	0.0019
"GTEX.OXRL"	-0.0229	0.0046	0.0273
"GTEX.OXRN"	-0.022	-4e-04	0.0312
"GTEX.OXRO"	-0.0165	0.0051	-0.0917
"GTEX.OXRP"	-0.0136	-0.0036	-0.1272
"GTEX.P4PP"	-0.0195	0.005	-0.0127
"GTEX.P4PQ"	-0.0203	0.0071	0.0094
"GTEX.P4QR"	-0.016	-0.0575	0.0134
"GTEX.P4QS"	0.1074	-0.0029	0.036
"GTEX.P4QT"	-0.015	-0.0083	-0.1511
"GTEX.P44G"	-0.0134	-0.0206	-0.1874
"GTEX.P44H"	-0.0216	0.0185	0.0254
"GTEX.P78B"	-0.0216	-0.004	0.0222
"GTEX.PLZ4"	-0.0167	0.0037	-0.09
"GTEX.PLZ5"	-0.0219	0.0121	0.0317
"GTEX.PLZ6"	-0.0215	0.0059	0.0017
"GTEX.POMQ"	0.0802	0.0051	0.0174
"GTEX.POYW"	-0.0208	0.0119	0.0108
"GTEX.PSDG"	-0.0232	0.0086	0.009
"GTEX.PVOW"	-0.0201	0.0097	0.0085
"GTEX.PW2O"	-0.0158	0.0074	0.0164
"GTEX.PWCY"	-0.0219	0.0101	0.0094
"GTEX.PWN1"	-0.0211	-3e-04	0.0219
"GTEX.PWO3"	-0.0207	0.0031	0.0228
"GTEX.PWOO"	-0.0202	0.0089	0.0025
"GTEX.PX3G"	-0.0206	0.0024	0.004
"GTEX.Q2AG"	-0.0222	0.0149	0.0294
"GTEX.Q2AH"	0.091	0.0198	0.0282
"GTEX.Q2AI"	-0.0202	0.0115	-0.0366
"GTEX.Q734"	-0.022	0.0175	0.0368
"GTEX.QCQG"	-0.0159	-7e-04	-0.0943
"GTEX.QDT8"	-0.0196	0.0021	-0.023
"GTEX.QDVJ"	-0.024	0.0011	0.0569
"GTEX.QDVN"	-0.0207	0.0012	0.0313
"GTEX.QEG4"	-0.0226	0.003	0.0292
"GTEX.QEG5"	-0.0215	0.0036	-0.0037
"GTEX.QEL4"	-0.0165	-0.0035	-0.0818
"GTEX.QESD"	-0.0217	0.0081	0.0201
"GTEX.QLQ7"	0.0231	-0.5859	0.0208
"GTEX.QLQW"	0.0509	0.0096	4e-04
"GTEX.QMR6"	-0.0202	-0.0074	0.0096
"GTEX.QMRM"	-0.0224	0.0102	0.0433
"GTEX.QV31"	-0.0212	-0.0019	-0.0039
"GTEX.QV44"	-0.0204	-0.0024	0.0104
"GTEX.QVJO"	-0.0196	0.0063	0.0312
"GTEX.QVUS"	-0.0229	-2e-04	0.0086
"GTEX.QXCU"	-0.0229	0.0022	0.0108
"GTEX.R3RS"	-0.0211	0.0018	-0.0027
"GTEX.R45C"	-0.0218	0.0067	0.031
"GTEX.R53T"	0	-0.0117	0.0315
"GTEX.R55C"	-0.0221	0.0109	0.0189
"GTEX.R55D"	0.0116	-0.0869	-0.0597
"GTEX.R55E"	-0.0186	0.0077	-0.022
"GTEX.R55F"	-0.0216	0.015	0.0244
"GTEX.R55G"	-0.0221	0.0107	0.024
"GTEX.REY6"	-0.0151	0.0031	-0.1838
"GTEX.RM2N"	-0.0208	-0.0152	0.0539
"GTEX.RN64"	-0.0207	-0.0109	0.0295
"GTEX.RNOR"	-0.0213	-0.0074	0.0152
"GTEX.RTLS"	-0.0203	0.011	0.0182
"GTEX.RU1J"	0.1161	0.0183	0.0131
"GTEX.RU72"	0.0238	-0.603	0.0187
"GTEX.RUSQ"	-0.0214	0.0137	0.0223
"GTEX.RVPU"	-0.0209	0.0027	0.0184
"GTEX.RVPV"	-0.0211	-0.0294	0.0685
"GTEX.RWS6"	-0.0206	0.0053	-0.0095
"GTEX.RWSA"	-0.0212	0.0019	0.0119
"GTEX.S3XE"	-0.0234	0.0093	0.0373
"GTEX.S4P3"	-0.0221	0.002	-2e-04
"GTEX.S4Q7"	-0.0124	-0.0157	-0.2223
"GTEX.S4UY"	-0.0116	-0.0133	-0.1946
"GTEX.S4Z8"	-0.0217	0.0056	0.0276
"GTEX.S7PM"	0.0071	-0.4243	0.1087
"GTEX.S7SE"	-0.0218	0.015	0.0337
"GTEX.S7SF"	-0.0147	0.0029	-0.0549
"GTEX.S32W"	-0.0192	0.0012	-0.0097
"GTEX.S33H"	-0.0178	-0.0011	-0.0517
"GTEX.S95S"	-0.0216	0.0051	0.0158
"GTEX.S341"	0.1372	0.0288	-0.0052
"GTEX.SE5C"	-0.0216	-0.0016	0.0448
"GTEX.SIU7"	-0.0217	0.0094	0.0074
"GTEX.SIU8"	-0.0216	0.0055	0.0244
"GTEX.SJXC"	-0.0218	0.0103	0.0239
"GTEX.SN8G"	-0.0206	0.0079	0.0322
"GTEX.SNMC"	-0.0222	0.004	-0.0093
"GTEX.SNOS"	0.0763	0.0139	-0.0055
"GTEX.SSA3"	0.1148	-0.0087	0.0061
"GTEX.SUCS"	-0.0232	0.0176	0.0251
"GTEX.T2IS"	-0.0209	0.0127	0.0092
"GTEX.T2YK"	0.1145	0.0168	0.0144
"GTEX.T5JC"	-0.0226	0.0065	0.0124
"GTEX.T5JW"	-0.0187	0.0027	0.0206
"GTEX.T6MN"	-0.0221	0.0071	0.0181
"GTEX.T6MO"	-0.0218	0.0068	0.0245
"GTEX.T8EM"	-0.0219	0.0073	0.0169
"GTEX.TKQ1"	0.071	0.0102	-0.0231
"GTEX.TKQ2"	-0.0228	0.0069	0.0123
"GTEX.TML8"	0.0794	-0.0187	-0.0333
"GTEX.TMMY"	-0.0227	0.0111	0.0296
"GTEX.TMZS"	-0.0202	0.0085	-0.0041
"GTEX.TSE9"	-0.0215	-0.0175	0.0239
"GTEX.U3ZH"	-0.0158	0.0136	0.0016
"GTEX.U3ZM"	-0.0207	-0.003	0.0182
"GTEX.U3ZN"	-0.0212	0.0105	-0.0151
"GTEX.U4B1"	-0.0222	0.0155	0.0113
"GTEX.U8T8"	-0.0198	0.004	-0.0219
"GTEX.U8XE"	-0.0216	0.0096	0.0316
"GTEX.U412"	0.1254	0.0114	0.005
"GTEX.UJHI"	0.113	0.0036	2e-04
"GTEX.UJMC"	0.103	0.0169	0.027
"GTEX.UPJH"	-0.0207	0.0146	0.0277
"GTEX.UPK5"	-0.0219	5e-04	0.0026
"GTEX.UTHO"	-0.0227	0.014	0.0268
"GTEX.V1D1"	-0.0209	0.0028	0.0044
"GTEX.V955"	-0.0234	0.0049	0.0387
"GTEX.VJWN"	-0.0213	0.0118	0.0314
"GTEX.VJYA"	0.1238	0.0123	-0.0041
"GTEX.VUSG"	-0.0226	0.0183	0.0225
"GTEX.VUSH"	0.1208	0.0083	0.015
"GTEX.W5WG"	-0.0223	0.0042	0.0063
"GTEX.W5X1"	0.1279	0.0065	0.0181
"GTEX.WCDI"	0.1242	0.0121	0.0105
"GTEX.WEY5"	-0.0216	0.0042	7e-04
"GTEX.WFG7"	-0.0169	-0.0052	-0.0827
"GTEX.WFG8"	-0.0202	0.0136	0.0228
"GTEX.WFJO"	-0.0209	0.0092	0.0158
"GTEX.WFON"	-0.0214	0.0126	-5e-04
"GTEX.WH7G"	-0.0212	0.0068	-0.0058
"GTEX.WHPG"	-0.0081	-0.1134	0.0257
"GTEX.WHSB"	-0.0211	0.0064	0.0151
"GTEX.WHSE"	-0.0196	0.0112	-0.0639
"GTEX.WHWD"	-0.0208	0.0027	0.0049
"GTEX.WI4N"	-0.0211	0.0123	0.0087
"GTEX.WK11"	-0.0205	-0.0041	0.0048
"GTEX.WL46"	-0.0209	0.0021	0.0161
"GTEX.WOFL"	-0.0227	0.0162	0.0355
"GTEX.WOFM"	-0.022	0.0059	0.0252
"GTEX.WQUQ"	-0.0226	-0.0042	0.0457
"GTEX.WRHK"	-0.0207	0.0011	0.0084
"GTEX.WRHU"	-0.0213	0.016	0.0215
"GTEX.WVLH"	-0.0224	-0.0015	0.0154
"GTEX.WWYW"	-0.0218	-0.001	0.019
"GTEX.WXYG"	0.1187	0.0195	0.0043
"GTEX.WY7C"	-0.0219	0.0047	0.0017
"GTEX.WYBS"	-0.0203	0.0014	0.0032
"GTEX.WYJK"	-0.0219	0.0031	9e-04
"GTEX.WYVS"	-0.022	0.0122	0.019
"GTEX.WZTO"	-0.0174	-0.0018	-0.0696
"GTEX.X3Y1"	0.1098	0.0094	0.022
"GTEX.X4EO"	-0.0203	0.0067	0.0187
"GTEX.X4EP"	-0.0203	0.0074	0.0218
"GTEX.X4LF"	-0.0205	0.0139	-0.0285
"GTEX.X4XX"	-0.0153	-0.0097	-0.1789
"GTEX.X4XY"	-0.0216	0.0058	0.0298
"GTEX.X5EB"	-0.0208	0.0146	0.0102
"GTEX.X8HC"	-0.022	-0.0028	0.0364
"GTEX.X15G"	-0.0225	0.0139	0.0349
"GTEX.X62O"	-0.021	-3e-04	0.0345
"GTEX.X261"	-0.0209	0.0012	0.0047
"GTEX.X585"	0.1336	0.0149	-0.0084
"GTEX.XAJ8"	-0.0221	0.0083	0.0239
"GTEX.XBED"	-0.0207	0.0111	0.002
"GTEX.11DXW"	-0.0215	0.011	-0.0097
"GTEX.11DXX"	-0.0218	0.008	0.015
"GTEX.11DXY"	-0.0156	-0.0021	-0.1011
"GTEX.11DXZ"	0.111	0.0047	-0.0062
"GTEX.11DYG"	0.1161	0.0028	-0.0039
"GTEX.11DZ1"	-0.0214	-0.0055	0.018
"GTEX.11EI6"	-0.0218	0.0054	0.0305
"GTEX.11EM3"	-0.0206	0.0072	0.0034
"GTEX.11EMC"	-0.0197	-0.006	-0.0044
"GTEX.11EQ8"	-0.021	-0.009	0.0214
"GTEX.11EQ9"	-0.0209	0.002	-0.0158
"GTEX.11GS4"	-0.0144	-0.0029	-0.1688
"GTEX.11GSO"	-0.0215	0.0052	-0.0053
"GTEX.11GSP"	-0.0218	0.0025	-0.012
"GTEX.11I78"	-0.0209	0.0121	-0.0064
"GTEX.11LCK"	-0.0219	0.0119	0.0102
"GTEX.11NUK"	-0.0206	-0.0021	0.0084
"GTEX.11NV4"	0.1172	0.0134	-0.0069
"GTEX.11ONC"	-0.0208	0.005	0.019
"GTEX.11P7K"	0.1244	0.0252	0.0143
"GTEX.11P81"	-0.0222	0.012	0.002
"GTEX.11P82"	-0.0203	0.0065	0.0049
"GTEX.11PRG"	0.1369	0.0079	-0.0039
"GTEX.11TT1"	0.0243	0.0128	0.0141
"GTEX.11TTK"	-0.0217	-0.0024	0.0364
"GTEX.11TUW"	-0.0208	0.0185	-0.0149
"GTEX.11UD1"	0.1325	0.0212	-0.0014
"GTEX.11UD2"	-0.02	0.011	0.0201
"GTEX.11VI4"	-0.0206	0.01	-0.0108
"GTEX.11WQC"	0.1173	0.0101	-0.0079
"GTEX.11WQK"	-0.02	0.0121	0.005
"GTEX.11XUK"	-0.0217	0.0124	0.0462
"GTEX.11ZTS"	-0.0212	0.0123	0.0225
"GTEX.11ZTT"	-0.0188	0.0097	0.0187
"GTEX.11ZU8"	-0.0216	-0.0063	0.0565
"GTEX.11ZUS"	-0.0207	0.0032	-0.0309
"GTEX.11ZVC"	-0.0203	0.003	0.0128
"GTEX.12KS4"	-0.0159	0.0016	-0.0938
"GTEX.12WSA"	-0.0219	-0.0068	0.0533
"GTEX.12WSC"	-0.0212	0.0024	0.0025
"GTEX.12WSD"	0.1297	0.0214	-0.0052
"GTEX.12WSE"	-0.0222	0.0069	0.0043
"GTEX.12WSF"	-0.0221	0.0136	0.02
"GTEX.12WSG"	-0.0207	0.0055	0.0109
"GTEX.12WSH"	-0.021	0.0071	-0.0196
"GTEX.12WSI"	-0.0223	0.0093	0.0271
"GTEX.12WSJ"	-0.0204	0.0102	-0.0159
"GTEX.12WSK"	-0.0204	0.0023	0.0325
"GTEX.12WSL"	-0.0207	0.0115	0.0144
"GTEX.12WSM"	-0.0218	0.0028	0.0204
"GTEX.12WSN"	-0.0221	-0.0038	0.0196
"GTEX.12ZZW"	-0.0205	0.0097	-0.0138
"GTEX.12ZZX"	-0.0106	-0.1344	0.0568
"GTEX.12ZZY"	-0.0202	0.0031	0.0019
"GTEX.12ZZZ"	-0.0215	0.0044	0.0231
"GTEX.13CF2"	-0.0202	-0.0159	-0.0134
"GTEX.13CF3"	-0.0226	0.0065	0.0519
"GTEX.13CIG"	-0.0222	0.012	0.0327
"GTEX.13CZU"	-0.022	0.0115	0.0179
"GTEX.13CZV"	-0.0211	0.005	-0.0018
"GTEX.13D11"	-0.02	0.0061	0.0147
"GTEX.13FH7"	-0.0218	3e-04	-0.011
"GTEX.13FHO"	-0.0203	0.0058	-0.0108
"GTEX.13FHP"	0.1121	0.0147	0.0156
"GTEX.13FLV"	-0.0215	0.0049	-0.0185
"GTEX.13FLW"	0.1074	0.0195	0.0035
"GTEX.13FTW"	-0.0175	0.0022	-0.0958
"GTEX.13FTX"	-0.022	0.0103	-6e-04
"GTEX.13FTY"	-0.0216	0.001	-0.0046
"GTEX.13FTZ"	-0.0197	0.0028	0.0047
"GTEX.13FXS"	0.1214	0.0019	0.0088
"GTEX.13G51"	-0.0212	0.0025	-0.008
"GTEX.13IVO"	-0.0232	1e-04	0.0726
"GTEX.13JUV"	0.1161	-0.0059	0.0124
"GTEX.13JVG"	-0.0206	0.0065	0.038
"GTEX.13N1W"	-0.0207	0.0032	-0.0158
"GTEX.13N2G"	-0.021	0.0131	0.0098
"GTEX.13N11"	0.1151	0.0024	-0.0016
"GTEX.13NYB"	0.1132	0.0132	0.0099
"GTEX.13NYC"	-0.0197	2e-04	-0.068
"GTEX.13NYS"	-0.0216	0.008	0.0565
"GTEX.13NZ8"	-0.0215	1e-04	0.0263
"GTEX.13NZA"	-0.0218	0.0061	0.0394
"GTEX.13NZB"	-0.0214	0.0079	0.0154
"GTEX.13O1R"	-0.0205	0.0106	-0.0143
"GTEX.13O3O"	-0.0217	0.0055	-0.004
"GTEX.13O3P"	-0.0217	0.0042	0.0436
"GTEX.13O3Q"	-0.0215	-0.0014	0.0251
"GTEX.13O21"	-0.0214	0.0086	-0.0062
"GTEX.13O61"	0.0271	-0.0949	-0.0521
"GTEX.13OVG"	-0.0221	0.0098	-0.0114
"GTEX.13OVH"	-0.0223	-0.0025	0.046
"GTEX.13OVI"	0.1081	0.0146	-0.0075
"GTEX.13OVJ"	-0.0208	0.0084	2e-04
"GTEX.13OVK"	-0.0196	-0.0034	-0.0146
"GTEX.13OVL"	-0.022	0.0121	0.0288
"GTEX.13OW5"	-0.021	0.0146	0.0099
"GTEX.13OW6"	-0.0217	0.0138	0.0268
"GTEX.13OW7"	-0.0219	0.0063	0.0337
"GTEX.13OW8"	-0.0207	0.0041	-0.0118
"GTEX.13PL6"	-0.0066	-0.0579	-0.0222
"GTEX.13PL7"	-0.0224	-0.0014	0.052
"GTEX.13PLJ"	-0.0234	0.0135	0.0282
"GTEX.13QBU"	-0.0219	0.0039	-0.0153
"GTEX.13QIC"	-0.0173	-0.0043	-0.0631
"GTEX.13QJ3"	-0.0185	0.0078	0.0055
"GTEX.13QJC"	-0.02	0.0045	-0.0257
"GTEX.13RTJ"	-0.0216	-3e-04	0.0219
"GTEX.13RTK"	-0.0182	-0.0124	0.0321
"GTEX.13S7M"	-0.0217	-0.011	0.0431
"GTEX.13S86"	-0.0213	0.0014	0.0094
"GTEX.13SLW"	-0.02	0.0109	-0.0128
"GTEX.13SLX"	0.1041	0.0063	0.034
"GTEX.13U4I"	-0.0222	0.0073	0.0084
"GTEX.13VXT"	0.1053	0.0097	-0.0115
"GTEX.13VXU"	-0.0199	0.0043	0.0196
"GTEX.13W3W"	-0.0216	0.0099	0.0033
"GTEX.13W46"	-0.0202	-0.0056	0.021
"GTEX.13X6H"	-0.0209	0.0166	0.0271
"GTEX.13X6I"	-0.0219	0.0148	0.0204
"GTEX.13X6J"	-0.0159	-0.0036	-0.1116
"GTEX.13X6K"	-0.0213	0.0113	0.0205
"GTEX.111CU"	-0.018	0.001	0.006
"GTEX.111FC"	-0.0156	0.0168	0.01
"GTEX.111VG"	-0.0197	0.0108	0.0041
"GTEX.111YS"	-0.0215	0.013	0.0081
"GTEX.113IC"	0.0878	-0.0079	0.0133
"GTEX.113JC"	-0.0152	-0.0058	-0.01
"GTEX.117XS"	-0.0206	0.0011	-0.0233
"GTEX.117YW"	-0.0166	-0.0019	-0.101
"GTEX.133LE"	-0.02	-0.0171	0.0196
"GTEX.139T6"	-0.0193	0.0081	-0.0109
"GTEX.139T8"	-0.022	0.0088	0.001
"GTEX.139TS"	-0.0208	0.0033	0.0252
"GTEX.139TT"	-0.0217	0.0158	0.0121
"GTEX.139TU"	-0.0142	-0.0085	-0.158
"GTEX.139UW"	-0.0216	0.009	0.0115
"GTEX.139YR"	-0.0228	0.0087	0.0426
"GTEX.145MF"	-0.0199	0.0085	-0.0074
"GTEX.145MG"	0.1106	0.0052	0.0076
"GTEX.145MH"	-0.0201	-0.0052	-0.0222
"GTEX.145MO"	-0.0204	0.005	0.0127
"GTEX.1117F"	0.108	0.0121	0.0032
"GTEX.1122O"	-0.0205	0.0164	0.0178
"GTEX.1128S"	-0.0202	0.0106	0.0322
"GTEX.1192W"	-0.0209	-0.0047	0.0153
"GTEX.1192X"	-0.0209	0.0095	0.0108
"GTEX.1211K"	-0.021	0.0092	0.0138
"GTEX.1212Z"	-0.0205	0.0039	0.0042
"GTEX.1339X"	-0.0221	-0.0032	0.0129
"GTEX.1399Q"	-0.0204	-0.001	0.0366
"GTEX.1399R"	-0.0224	0.0128	0.0381
"GTEX.1399T"	-0.0224	0.0028	0.015
"GTEX.1399U"	-0.0193	0.009	-0.0114
"GTEX.12126"	0.1181	0.0209	0.0039
"GTEX.12584"	-0.0198	0.0074	-0.0359
"GTEX.12696"	-0.0219	0.0178	0.0097
"GTEX.13111"	-0.0108	-0.0493	-0.1495
"GTEX.13112"	-0.0212	0.0019	0.0252
"GTEX.13113"	0.0846	0.0177	-0.0107
"GTEX.NL3G"	-0.0222	0.0091	0.0196
"GTEX.U3ZG"	-0.0226	0.0113	0.062
"GTEX.X88G"	0.1196	0.0142	-0.0058
"GTEX.X638"	0.1171	0.0111	0.0139
"GTEX.XBEC"	-0.0206	0.0083	0.0444
"GTEX.XBEW"	-0.013	0.0044	-0.1819
"GTEX.XGQ4"	-0.0209	0.0056	0.0114
"GTEX.XLM4"	-0.0216	0.0054	0.035
"GTEX.XMD1"	-0.0208	0.0147	-0.0075
"GTEX.XMD2"	-0.02	9e-04	0.0418
"GTEX.XMD3"	0.0098	-0.0732	-0.0611
"GTEX.XMK1"	-0.0202	0.0024	0.0288
"GTEX.XOT4"	-0.0116	-0.0014	-0.2336
"GTEX.XPT6"	-0.0196	0.0101	0.0235
"GTEX.XPVG"	-0.0213	0.0011	0.042
"GTEX.XQ3S"	-0.0208	0.0039	0.0544
"GTEX.XQ8I"	-0.0211	0.0017	-0.0109
"GTEX.XUJ4"	-0.0118	0.0043	-0.1876
"GTEX.XUW1"	-0.022	0.0059	0.0367
"GTEX.XUYS"	0.1159	0.0151	-0.0106
"GTEX.XUZC"	-0.0217	0.0092	-0.0031
"GTEX.XV7Q"	-0.022	0.0181	0.0426
"GTEX.XXEK"	-0.0216	0.0079	0.0164
"GTEX.XYKS"	0.1236	-0.0057	0.0045
"GTEX.Y3I4"	-0.0206	0.0123	5e-04
"GTEX.Y3IK"	0.1006	0.0155	0.0268
"GTEX.Y5LM"	-0.0214	0.0035	0.0133
"GTEX.Y5V5"	-0.0224	-5e-04	-0.0065
"GTEX.Y5V6"	-0.022	0.0061	0.0207
"GTEX.Y8DK"	-0.0215	0.0124	0.0114
"GTEX.Y8E4"	-0.0128	0.002	-0.2056
"GTEX.Y8E5"	0.1138	0.0106	0.0126
"GTEX.Y8LW"	-0.0202	-0.0016	-0.0067
"GTEX.Y9LG"	-0.0226	0.0094	0.0303
"GTEX.Y111"	-0.0209	0.0034	0.008
"GTEX.Y114"	0.1321	0.0152	0.005
"GTEX.YB5E"	0.031	0.0097	0.0024
"GTEX.YB5K"	-0.0208	0.0135	0.0171
"GTEX.YBZK"	0.0943	0.0161	0.0124
"GTEX.YEC3"	-0.0203	0.0056	0.0183
"GTEX.YEC4"	-0.0206	0.0068	0.0138
"GTEX.YECK"	-0.0219	-0.0082	0.0067
"GTEX.YF7O"	-0.0203	0.0011	0.0144
"GTEX.YFC4"	-0.0215	0.015	-0.0026
"GTEX.YFCO"	0.0119	-0.0895	-0.0576
"GTEX.YJ8A"	-0.0206	0.0056	0.0167
"GTEX.YJ89"	-0.0114	-4e-04	-0.1762
"GTEX.Z9EW"	-0.0218	0.0144	-0.002
"GTEX.Z93S"	-0.0215	0.0034	0.0247
"GTEX.Z93T"	0.1264	0.0119	-0.0127
"GTEX.ZA64"	-0.0216	0.0077	-9e-04
"GTEX.ZAB4"	-0.0189	2e-04	0.0045
"GTEX.ZAB5"	-0.0217	2e-04	0.0166
"GTEX.ZAJG"	0.1102	0.0108	-0.0032
"GTEX.ZC5H"	-0.0213	-0.0018	0.0578
"GTEX.ZDTS"	-0.0199	0.0077	-0.0038
"GTEX.ZDTT"	-0.0223	0.0118	0.0045
"GTEX.ZDXO"	-0.0221	0.0069	0.0148
"GTEX.ZDYS"	-0.0212	0.0061	0.0141
"GTEX.ZE7O"	-0.0197	0.0067	0.0076
"GTEX.ZEX8"	-0.0146	-0.0097	-0.1664
"GTEX.ZF2S"	-0.0205	0.008	-0.0034
"GTEX.ZF3C"	-0.022	0.0049	0.0069
"GTEX.ZF28"	-0.021	0.0155	0.0198
"GTEX.ZF29"	-0.0209	0.0066	0.0303
"GTEX.ZG7Y"	-0.0208	0.0141	0.0204
"GTEX.ZGAY"	-0.0238	0.006	0.0316
"GTEX.ZLFU"	0.1234	-0.0039	-0.0212
"GTEX.ZLV1"	-0.0209	0.0072	0.0201
"GTEX.ZLWG"	0.0682	-0.0062	0.0212
"GTEX.ZP4G"	-0.0203	4e-04	0.0087
"GTEX.ZPCL"	-0.0224	0.0072	-0.0148
"GTEX.ZPIC"	-0.0214	0.0117	0.0442
"GTEX.ZPU1"	0.1027	-0.0095	-0.0127
"GTEX.ZQG8"	-0.0213	0.006	0.0186
"GTEX.ZQUD"	0.1109	0.0135	0.0217
"GTEX.ZT9W"	-0.0215	0.0024	-0.0066
"GTEX.ZT9X"	-0.0215	-0.0059	0.0487
"GTEX.ZTPG"	-0.0182	0.0058	-0.0359
"GTEX.ZTSS"	-0.0213	0.0173	-0.0055
"GTEX.ZTTD"	-0.0213	0.006	0.0217
"GTEX.ZTX8"	0.089	0.0018	0.014
"GTEX.ZUA1"	-0.0221	0.0124	0.0239
"GTEX.ZV6S"	-0.0196	0.0014	-0.0301
"GTEX.ZV7C"	0.1011	0.0066	-0.0011
"GTEX.ZV68"	-0.0206	-0.0013	0.0194
"GTEX.ZVE1"	-0.022	0.0107	0.0122
"GTEX.ZVE2"	-0.0209	0.0139	0.0115
"GTEX.ZVP2"	0.1268	0.0115	0.0125
"GTEX.ZVT2"	-0.0225	0.0175	-0.0045
"GTEX.ZVT3"	-0.0196	0.003	-0.0262
"GTEX.ZVT4"	-0.0209	0.0035	0.0227
"GTEX.ZVTK"	0.0534	0.0046	-0.0542
"GTEX.ZVZO"	0.1197	0.0199	0.0041
"GTEX.ZVZP"	-0.0202	0.001	-0.0156
"GTEX.ZVZQ"	-0.0224	0.0141	0.0219
"GTEX.ZXES"	-0.0181	0.0126	0.0268
"GTEX.ZXG5"	-0.013	-0.0284	-0.1911
"GTEX.ZY6K"	0.1206	0.004	-0.0026
"GTEX.ZYFC"	0.1142	0.0148	0.0232
"GTEX.ZYFD"	-0.0212	0.0152	-0.005
"GTEX.ZYFG"	-0.0202	0.0011	0.0074
"GTEX.ZYT6"	-0.0203	0.013	0.0116
"GTEX.ZYWO"	-0.0209	-0.0021	-0.0231
"GTEX.ZYY3"	-0.0167	0.0049	-0.1054
"GTEX.ZZ64"	-0.0219	-0.0019	0.0189
"GTEX.ZZPT"	-0.0228	8e-04	0.0406
"GTEX.ZZPU"	-0.021	0.0051	-0.0099
